0.000000e+00 0.000000e+00 0.000000e+00 0.000000e+00 
1.000000e-08 5.026548e-05 1.000000e-08 -5.467902e-05 
2.000000e-08 1.005310e-04 2.000000e-08 -1.989652e-04 
4.000000e-08 2.010619e-04 4.000000e-08 -6.271154e-04 
8.000000e-08 4.021236e-04 8.000000e-08 -1.984731e-03 
1.600000e-07 8.042456e-04 1.600000e-07 -5.254971e-03 
3.200000e-07 1.608478e-03 3.200000e-07 -1.197610e-02 
6.400000e-07 3.216852e-03 6.400000e-07 -2.536050e-02 
1.280000e-06 6.432872e-03 1.280000e-06 -5.208761e-02 
2.280000e-06 1.145426e-02 2.280000e-06 -9.364214e-02 
3.280000e-06 1.646841e-02 3.280000e-06 -1.349514e-01 
4.280000e-06 2.147216e-02 4.280000e-06 -1.759683e-01 
5.280000e-06 2.646235e-02 5.280000e-06 -2.166846e-01 
6.280000e-06 3.143582e-02 6.280000e-06 -2.570581e-01 
7.280000e-06 3.638944e-02 7.280000e-06 -2.970768e-01 
8.280000e-06 4.132008e-02 8.280000e-06 -3.367025e-01 
9.280000e-06 4.622461e-02 9.280000e-06 -3.759208e-01 
1.028000e-05 5.109995e-02 1.028000e-05 -4.146966e-01 
1.128000e-05 5.594301e-02 1.128000e-05 -4.530137e-01 
1.228000e-05 6.075074e-02 1.228000e-05 -4.908398e-01 
1.328000e-05 6.552010e-02 1.328000e-05 -5.281574e-01 
1.428000e-05 7.024807e-02 1.428000e-05 -5.649365e-01 
1.528000e-05 7.493168e-02 1.528000e-05 -6.011588e-01 
1.628000e-05 7.956795e-02 1.628000e-05 -6.367966e-01 
1.728000e-05 8.415397e-02 1.728000e-05 -6.718310e-01 
1.828000e-05 8.868683e-02 1.828000e-05 -7.062361e-01 
1.928000e-05 9.316368e-02 1.928000e-05 -7.399930e-01 
2.028000e-05 9.758168e-02 2.028000e-05 -7.730775e-01 
2.128000e-05 1.019381e-01 2.128000e-05 -8.054708e-01 
2.228000e-05 1.062300e-01 2.228000e-05 -8.371503e-01 
2.328000e-05 1.104549e-01 2.328000e-05 -8.680976e-01 
2.428000e-05 1.146100e-01 2.428000e-05 -8.982916e-01 
2.528000e-05 1.186928e-01 2.528000e-05 -9.277143e-01 
2.628000e-05 1.227005e-01 2.628000e-05 -9.563461e-01 
2.728000e-05 1.266308e-01 2.728000e-05 -9.841697e-01 
2.828000e-05 1.304811e-01 2.828000e-05 -1.011167e+00 
2.928000e-05 1.342489e-01 2.928000e-05 -1.037321e+00 
3.028000e-05 1.379320e-01 3.028000e-05 -1.062616e+00 
3.128000e-05 1.415279e-01 3.128000e-05 -1.087036e+00 
3.228000e-05 1.450345e-01 3.228000e-05 -1.110565e+00 
3.328000e-05 1.484494e-01 3.328000e-05 -1.133188e+00 
3.428000e-05 1.517706e-01 3.428000e-05 -1.154893e+00 
3.528000e-05 1.549960e-01 3.528000e-05 -1.175664e+00 
3.628000e-05 1.581234e-01 3.628000e-05 -1.195490e+00 
3.728000e-05 1.611509e-01 3.728000e-05 -1.214358e+00 
3.828000e-05 1.640767e-01 3.828000e-05 -1.232257e+00 
3.928000e-05 1.668988e-01 3.928000e-05 -1.249175e+00 
4.028000e-05 1.696155e-01 4.028000e-05 -1.265103e+00 
4.128000e-05 1.722251e-01 4.128000e-05 -1.280030e+00 
4.228000e-05 1.747259e-01 4.228000e-05 -1.293949e+00 
4.328000e-05 1.771164e-01 4.328000e-05 -1.306850e+00 
4.428000e-05 1.793949e-01 4.428000e-05 -1.318727e+00 
4.528000e-05 1.815602e-01 4.528000e-05 -1.329571e+00 
4.628000e-05 1.836108e-01 4.628000e-05 -1.339378e+00 
4.728000e-05 1.855454e-01 4.728000e-05 -1.348140e+00 
4.828000e-05 1.873628e-01 4.828000e-05 -1.355855e+00 
4.928000e-05 1.890619e-01 4.928000e-05 -1.362517e+00 
5.028000e-05 1.906415e-01 5.028000e-05 -1.368123e+00 
5.128000e-05 1.921008e-01 5.128000e-05 -1.372671e+00 
5.228000e-05 1.934387e-01 5.228000e-05 -1.376157e+00 
5.328000e-05 1.946544e-01 5.328000e-05 -1.378582e+00 
5.428000e-05 1.957472e-01 5.428000e-05 -1.379944e+00 
5.528000e-05 1.967163e-01 5.528000e-05 -1.380243e+00 
5.628000e-05 1.975612e-01 5.628000e-05 -1.379481e+00 
5.728000e-05 1.982813e-01 5.728000e-05 -1.377658e+00 
5.828000e-05 1.988762e-01 5.828000e-05 -1.374778e+00 
5.928000e-05 1.993454e-01 5.928000e-05 -1.370842e+00 
6.028000e-05 1.996888e-01 6.028000e-05 -1.365854e+00 
6.128000e-05 1.999060e-01 6.128000e-05 -1.359820e+00 
6.228000e-05 1.999969e-01 6.228000e-05 -1.352743e+00 
6.328000e-05 1.999616e-01 6.328000e-05 -1.344629e+00 
6.428000e-05 1.997999e-01 6.428000e-05 -1.335485e+00 
6.528000e-05 1.995120e-01 6.528000e-05 -1.325318e+00 
6.628000e-05 1.990981e-01 6.628000e-05 -1.314136e+00 
6.728000e-05 1.985585e-01 6.728000e-05 -1.301946e+00 
6.828000e-05 1.978935e-01 6.828000e-05 -1.288759e+00 
6.928000e-05 1.971034e-01 6.928000e-05 -1.274583e+00 
7.028000e-05 1.961889e-01 7.028000e-05 -1.259430e+00 
7.128000e-05 1.951504e-01 7.128000e-05 -1.243309e+00 
7.228000e-05 1.939887e-01 7.228000e-05 -1.226234e+00 
7.328000e-05 1.927044e-01 7.328000e-05 -1.208216e+00 
7.428000e-05 1.912985e-01 7.428000e-05 -1.189269e+00 
7.528000e-05 1.897717e-01 7.528000e-05 -1.169405e+00 
7.628000e-05 1.881250e-01 7.628000e-05 -1.148639e+00 
7.728000e-05 1.863595e-01 7.728000e-05 -1.126986e+00 
7.828000e-05 1.844764e-01 7.828000e-05 -1.104461e+00 
7.928000e-05 1.824766e-01 7.928000e-05 -1.081080e+00 
8.028000e-05 1.803617e-01 8.028000e-05 -1.056860e+00 
8.128000e-05 1.781328e-01 8.128000e-05 -1.031817e+00 
8.228000e-05 1.757914e-01 8.228000e-05 -1.005970e+00 
8.328000e-05 1.733390e-01 8.328000e-05 -9.793355e-01 
8.428000e-05 1.707771e-01 8.428000e-05 -9.519338e-01 
8.528000e-05 1.681073e-01 8.528000e-05 -9.237833e-01 
8.628000e-05 1.653313e-01 8.628000e-05 -8.949039e-01 
8.728000e-05 1.624509e-01 8.728000e-05 -8.653156e-01 
8.828000e-05 1.594679e-01 8.828000e-05 -8.350393e-01 
8.928000e-05 1.563842e-01 8.928000e-05 -8.040958e-01 
9.028000e-05 1.532017e-01 9.028000e-05 -7.725069e-01 
9.128000e-05 1.499224e-01 9.128000e-05 -7.402943e-01 
9.228000e-05 1.465485e-01 9.228000e-05 -7.074807e-01 
9.328000e-05 1.430820e-01 9.328000e-05 -6.740887e-01 
9.428000e-05 1.395251e-01 9.428000e-05 -6.401415e-01 
9.528000e-05 1.358801e-01 9.528000e-05 -6.056626e-01 
9.628000e-05 1.321492e-01 9.628000e-05 -5.706760e-01 
9.728000e-05 1.283349e-01 9.728000e-05 -5.352058e-01 
9.828000e-05 1.244395e-01 9.828000e-05 -4.992766e-01 
9.928000e-05 1.204656e-01 9.928000e-05 -4.629131e-01 
1.002800e-04 1.164155e-01 1.002800e-04 -4.261407e-01 
1.012800e-04 1.122919e-01 1.012800e-04 -3.889844e-01 
1.022800e-04 1.080974e-01 1.022800e-04 -3.514702e-01 
1.032800e-04 1.038346e-01 1.032800e-04 -3.136237e-01 
1.042800e-04 9.950624e-02 1.042800e-04 -2.754711e-01 
1.052800e-04 9.511502e-02 1.052800e-04 -2.370385e-01 
1.062800e-04 9.066371e-02 1.062800e-04 -1.983525e-01 
1.072800e-04 8.615515e-02 1.072800e-04 -1.594395e-01 
1.082800e-04 8.159216e-02 1.082800e-04 -1.203265e-01 
1.092800e-04 7.697764e-02 1.092800e-04 -8.103992e-02 
1.102800e-04 7.231450e-02 1.102800e-04 -4.160706e-02 
1.112800e-04 6.760568e-02 1.112800e-04 -2.054547e-03 
1.122800e-04 6.285417e-02 1.122800e-04 3.759022e-02 
1.132800e-04 5.806295e-02 1.132800e-04 7.730053e-02 
1.142800e-04 5.323506e-02 1.142800e-04 1.170489e-01 
1.152800e-04 4.837354e-02 1.152800e-04 1.568088e-01 
1.162800e-04 4.348147e-02 1.162800e-04 1.965526e-01 
1.172800e-04 3.856194e-02 1.172800e-04 2.362538e-01 
1.182800e-04 3.361805e-02 1.182800e-04 2.758851e-01 
1.192800e-04 2.865292e-02 1.192800e-04 3.154201e-01 
1.202800e-04 2.366970e-02 1.202800e-04 3.548317e-01 
1.212800e-04 1.867153e-02 1.212800e-04 3.940937e-01 
1.222800e-04 1.366156e-02 1.222800e-04 4.331793e-01 
1.232800e-04 8.642971e-03 1.232800e-04 4.720629e-01 
1.242800e-04 3.618917e-03 1.242800e-04 5.107178e-01 
1.252800e-04 -1.407422e-03 1.252800e-04 5.491189e-01 
1.262800e-04 -6.432872e-03 1.262800e-04 5.872401e-01 
1.272800e-04 -1.145426e-02 1.272800e-04 6.250566e-01 
1.282800e-04 -1.646841e-02 1.282800e-04 6.625431e-01 
1.292800e-04 -2.147216e-02 1.292800e-04 6.996753e-01 
1.302800e-04 -2.646235e-02 1.302800e-04 7.364286e-01 
1.312800e-04 -3.143582e-02 1.312800e-04 7.727793e-01 
1.322800e-04 -3.638944e-02 1.322800e-04 8.087036e-01 
1.332800e-04 -4.132008e-02 1.332800e-04 8.441787e-01 
1.342800e-04 -4.622461e-02 1.342800e-04 8.791814e-01 
1.352800e-04 -5.109995e-02 1.352800e-04 9.136898e-01 
1.362800e-04 -5.594301e-02 1.362800e-04 9.476818e-01 
1.372800e-04 -6.075074e-02 1.372800e-04 9.811363e-01 
1.382800e-04 -6.552010e-02 1.382800e-04 1.014032e+00 
1.392800e-04 -7.024807e-02 1.392800e-04 1.046349e+00 
1.402800e-04 -7.493168e-02 1.402800e-04 1.078068e+00 
1.412800e-04 -7.956795e-02 1.412800e-04 1.109168e+00 
1.422800e-04 -8.415397e-02 1.422800e-04 1.139632e+00 
1.432800e-04 -8.868683e-02 1.432800e-04 1.169442e+00 
1.442800e-04 -9.316368e-02 1.442800e-04 1.198578e+00 
1.452800e-04 -9.758168e-02 1.452800e-04 1.227026e+00 
1.462800e-04 -1.019381e-01 1.462800e-04 1.254769e+00 
1.472800e-04 -1.062300e-01 1.472800e-04 1.281790e+00 
1.482800e-04 -1.104549e-01 1.482800e-04 1.308075e+00 
1.492800e-04 -1.146100e-01 1.492800e-04 1.333609e+00 
1.502800e-04 -1.186928e-01 1.502800e-04 1.358378e+00 
1.512800e-04 -1.227005e-01 1.512800e-04 1.382370e+00 
1.522800e-04 -1.266308e-01 1.522800e-04 1.405572e+00 
1.532800e-04 -1.304811e-01 1.532800e-04 1.427971e+00 
1.542800e-04 -1.342489e-01 1.542800e-04 1.449557e+00 
1.552800e-04 -1.379320e-01 1.552800e-04 1.470319e+00 
1.562800e-04 -1.415279e-01 1.562800e-04 1.490246e+00 
1.572800e-04 -1.450345e-01 1.572800e-04 1.509330e+00 
1.582800e-04 -1.484494e-01 1.582800e-04 1.527562e+00 
1.592800e-04 -1.517706e-01 1.592800e-04 1.544933e+00 
1.602800e-04 -1.549960e-01 1.602800e-04 1.561435e+00 
1.612800e-04 -1.581234e-01 1.612800e-04 1.577063e+00 
1.622800e-04 -1.611509e-01 1.622800e-04 1.591807e+00 
1.632800e-04 -1.640767e-01 1.632800e-04 1.605664e+00 
1.642800e-04 -1.668988e-01 1.642800e-04 1.618627e+00 
1.652800e-04 -1.696155e-01 1.652800e-04 1.630691e+00 
1.662800e-04 -1.722251e-01 1.662800e-04 1.641851e+00 
1.672800e-04 -1.747259e-01 1.672800e-04 1.652104e+00 
1.682800e-04 -1.771164e-01 1.682800e-04 1.661445e+00 
1.692800e-04 -1.793949e-01 1.692800e-04 1.669871e+00 
1.702800e-04 -1.815602e-01 1.702800e-04 1.677379e+00 
1.712800e-04 -1.836108e-01 1.712800e-04 1.683966e+00 
1.722800e-04 -1.855454e-01 1.722800e-04 1.689630e+00 
1.732800e-04 -1.873628e-01 1.732800e-04 1.694369e+00 
1.742800e-04 -1.890619e-01 1.742800e-04 1.698180e+00 
1.752800e-04 -1.906415e-01 1.752800e-04 1.701064e+00 
1.762800e-04 -1.921008e-01 1.762800e-04 1.703017e+00 
1.772800e-04 -1.934387e-01 1.772800e-04 1.704041e+00 
1.782800e-04 -1.946544e-01 1.782800e-04 1.704133e+00 
1.792800e-04 -1.957472e-01 1.792800e-04 1.703294e+00 
1.802800e-04 -1.967163e-01 1.802800e-04 1.701523e+00 
1.812800e-04 -1.975612e-01 1.812800e-04 1.698821e+00 
1.822800e-04 -1.982813e-01 1.822800e-04 1.695188e+00 
1.832800e-04 -1.988762e-01 1.832800e-04 1.690624e+00 
1.842800e-04 -1.993454e-01 1.842800e-04 1.685131e+00 
1.852800e-04 -1.996888e-01 1.852800e-04 1.678710e+00 
1.862800e-04 -1.999060e-01 1.862800e-04 1.671362e+00 
1.872800e-04 -1.999969e-01 1.872800e-04 1.663089e+00 
1.882800e-04 -1.999616e-01 1.882800e-04 1.653894e+00 
1.892800e-04 -1.997999e-01 1.892800e-04 1.643778e+00 
1.902800e-04 -1.995120e-01 1.902800e-04 1.632746e+00 
1.912800e-04 -1.990981e-01 1.912800e-04 1.620800e+00 
1.922800e-04 -1.985585e-01 1.922800e-04 1.607943e+00 
1.932800e-04 -1.978935e-01 1.932800e-04 1.594181e+00 
1.942800e-04 -1.971034e-01 1.942800e-04 1.579517e+00 
1.952800e-04 -1.961889e-01 1.952800e-04 1.563957e+00 
1.962800e-04 -1.951504e-01 1.962800e-04 1.547506e+00 
1.972800e-04 -1.939887e-01 1.972800e-04 1.530170e+00 
1.982800e-04 -1.927044e-01 1.982800e-04 1.511957e+00 
1.992800e-04 -1.912985e-01 1.992800e-04 1.492873e+00 
2.002800e-04 -1.897717e-01 2.002800e-04 1.472926e+00 
2.012800e-04 -1.881250e-01 2.012800e-04 1.452124e+00 
2.022800e-04 -1.863595e-01 2.022800e-04 1.430476e+00 
2.032800e-04 -1.844764e-01 2.032800e-04 1.407992e+00 
2.042800e-04 -1.824766e-01 2.042800e-04 1.384683e+00 
2.052800e-04 -1.803617e-01 2.052800e-04 1.360558e+00 
2.062800e-04 -1.781328e-01 2.062800e-04 1.335629e+00 
2.072800e-04 -1.757914e-01 2.072800e-04 1.309909e+00 
2.082800e-04 -1.733390e-01 2.082800e-04 1.283409e+00 
2.092800e-04 -1.707771e-01 2.092800e-04 1.256144e+00 
2.102800e-04 -1.681073e-01 2.102800e-04 1.228128e+00 
2.112800e-04 -1.653313e-01 2.112800e-04 1.199374e+00 
2.122800e-04 -1.624509e-01 2.122800e-04 1.169899e+00 
2.132800e-04 -1.594679e-01 2.132800e-04 1.139719e+00 
2.142800e-04 -1.563842e-01 2.142800e-04 1.108849e+00 
2.152800e-04 -1.532017e-01 2.152800e-04 1.077307e+00 
2.162800e-04 -1.499224e-01 2.162800e-04 1.045111e+00 
2.172800e-04 -1.465485e-01 2.172800e-04 1.012279e+00 
2.182800e-04 -1.430820e-01 2.182800e-04 9.788295e-01 
2.192800e-04 -1.395251e-01 2.192800e-04 9.447828e-01 
2.202800e-04 -1.358801e-01 2.202800e-04 9.101585e-01 
2.212800e-04 -1.321492e-01 2.212800e-04 8.749773e-01 
2.222800e-04 -1.283349e-01 2.222800e-04 8.392600e-01 
2.232800e-04 -1.244395e-01 2.232800e-04 8.030284e-01 
2.242800e-04 -1.204656e-01 2.242800e-04 7.663044e-01 
2.252800e-04 -1.164155e-01 2.252800e-04 7.291104e-01 
2.262800e-04 -1.122919e-01 2.262800e-04 6.914695e-01 
2.272800e-04 -1.080974e-01 2.272800e-04 6.534048e-01 
2.282800e-04 -1.038346e-01 2.282800e-04 6.149402e-01 
2.292800e-04 -9.950624e-02 2.292800e-04 5.760997e-01 
2.302800e-04 -9.511502e-02 2.302800e-04 5.369078e-01 
2.312800e-04 -9.066371e-02 2.312800e-04 4.973892e-01 
2.322800e-04 -8.615515e-02 2.322800e-04 4.575690e-01 
2.332800e-04 -8.159216e-02 2.332800e-04 4.174726e-01 
2.342800e-04 -7.697764e-02 2.342800e-04 3.771255e-01 
2.352800e-04 -7.231450e-02 2.352800e-04 3.365538e-01 
2.362800e-04 -6.760568e-02 2.362800e-04 2.957834e-01 
2.372800e-04 -6.285417e-02 2.372800e-04 2.548407e-01 
2.382800e-04 -5.806295e-02 2.382800e-04 2.137520e-01 
2.392800e-04 -5.323506e-02 2.392800e-04 1.725441e-01 
2.402800e-04 -4.837354e-02 2.402800e-04 1.312436e-01 
2.412800e-04 -4.348147e-02 2.412800e-04 8.987752e-02 
2.422800e-04 -3.856194e-02 2.422800e-04 4.847267e-02 
2.432800e-04 -3.361805e-02 2.432800e-04 7.056152e-03 
2.442800e-04 -2.865292e-02 2.442800e-04 -3.434505e-02 
2.452800e-04 -2.366970e-02 2.452800e-04 -7.570377e-02 
2.462800e-04 -1.867153e-02 2.462800e-04 -1.169930e-01 
2.472800e-04 -1.366156e-02 2.472800e-04 -1.581856e-01 
2.482800e-04 -8.642971e-03 2.482800e-04 -1.992546e-01 
2.492800e-04 -3.618917e-03 2.492800e-04 -2.401730e-01 
2.502800e-04 1.407422e-03 2.502800e-04 -2.809140e-01 
2.512800e-04 6.432872e-03 2.512800e-04 -3.214506e-01 
2.522800e-04 1.145426e-02 2.522800e-04 -3.617563e-01 
2.532800e-04 1.646841e-02 2.532800e-04 -4.018045e-01 
2.542800e-04 2.147216e-02 2.542800e-04 -4.415689e-01 
2.552800e-04 2.646235e-02 2.552800e-04 -4.810233e-01 
2.562800e-04 3.143582e-02 2.562800e-04 -5.201416e-01 
2.572800e-04 3.638944e-02 2.572800e-04 -5.588981e-01 
2.582800e-04 4.132008e-02 2.582800e-04 -5.972672e-01 
2.592800e-04 4.622461e-02 2.592800e-04 -6.352236e-01 
2.602800e-04 5.109995e-02 2.602800e-04 -6.727424e-01 
2.612800e-04 5.594301e-02 2.612800e-04 -7.097988e-01 
2.622800e-04 6.075074e-02 2.622800e-04 -7.463683e-01 
2.632800e-04 6.552010e-02 2.632800e-04 -7.824268e-01 
2.642800e-04 7.024807e-02 2.642800e-04 -8.179506e-01 
2.652800e-04 7.493168e-02 2.652800e-04 -8.529163e-01 
2.662800e-04 7.956795e-02 2.662800e-04 -8.873007e-01 
2.672800e-04 8.415397e-02 2.672800e-04 -9.210813e-01 
2.682800e-04 8.868683e-02 2.682800e-04 -9.542359e-01 
2.692800e-04 9.316368e-02 2.692800e-04 -9.867424e-01 
2.702800e-04 9.758168e-02 2.702800e-04 -1.018580e+00 
2.712800e-04 1.019381e-01 2.712800e-04 -1.049727e+00 
2.722800e-04 1.062300e-01 2.722800e-04 -1.080163e+00 
2.732800e-04 1.104549e-01 2.732800e-04 -1.109868e+00 
2.742800e-04 1.146100e-01 2.742800e-04 -1.138823e+00 
2.752800e-04 1.186928e-01 2.752800e-04 -1.167009e+00 
2.762800e-04 1.227005e-01 2.762800e-04 -1.194406e+00 
2.772800e-04 1.266308e-01 2.772800e-04 -1.220998e+00 
2.782800e-04 1.304811e-01 2.782800e-04 -1.246767e+00 
2.792800e-04 1.342489e-01 2.792800e-04 -1.271695e+00 
2.802800e-04 1.379320e-01 2.802800e-04 -1.295766e+00 
2.812800e-04 1.415279e-01 2.812800e-04 -1.318966e+00 
2.822800e-04 1.450345e-01 2.822800e-04 -1.341277e+00 
2.832800e-04 1.484494e-01 2.832800e-04 -1.362687e+00 
2.842800e-04 1.517706e-01 2.842800e-04 -1.383180e+00 
2.852800e-04 1.549960e-01 2.852800e-04 -1.402744e+00 
2.862800e-04 1.581234e-01 2.862800e-04 -1.421365e+00 
2.872800e-04 1.611509e-01 2.872800e-04 -1.439033e+00 
2.882800e-04 1.640767e-01 2.882800e-04 -1.455734e+00 
2.892800e-04 1.668988e-01 2.892800e-04 -1.471458e+00 
2.902800e-04 1.696155e-01 2.902800e-04 -1.486195e+00 
2.912800e-04 1.722251e-01 2.912800e-04 -1.499936e+00 
2.922800e-04 1.747259e-01 2.922800e-04 -1.512671e+00 
2.932800e-04 1.771164e-01 2.932800e-04 -1.524393e+00 
2.942800e-04 1.793949e-01 2.942800e-04 -1.535093e+00 
2.952800e-04 1.815602e-01 2.952800e-04 -1.544765e+00 
2.962800e-04 1.836108e-01 2.962800e-04 -1.553403e+00 
2.972800e-04 1.855454e-01 2.972800e-04 -1.561002e+00 
2.982800e-04 1.873628e-01 2.982800e-04 -1.567555e+00 
2.992800e-04 1.890619e-01 2.992800e-04 -1.573060e+00 
3.002800e-04 1.906415e-01 3.002800e-04 -1.577513e+00 
3.012800e-04 1.921008e-01 3.012800e-04 -1.580911e+00 
3.022800e-04 1.934387e-01 3.022800e-04 -1.583252e+00 
3.032800e-04 1.946544e-01 3.032800e-04 -1.584535e+00 
3.042800e-04 1.957472e-01 3.042800e-04 -1.584759e+00 
3.052800e-04 1.967163e-01 3.052800e-04 -1.583925e+00 
3.062800e-04 1.975612e-01 3.062800e-04 -1.582033e+00 
3.072800e-04 1.982813e-01 3.072800e-04 -1.579084e+00 
3.082800e-04 1.988762e-01 3.082800e-04 -1.575081e+00 
3.092800e-04 1.993454e-01 3.092800e-04 -1.570027e+00 
3.102800e-04 1.996888e-01 3.102800e-04 -1.563925e+00 
3.112800e-04 1.999060e-01 3.112800e-04 -1.556780e+00 
3.122800e-04 1.999969e-01 3.122800e-04 -1.548596e+00 
3.132800e-04 1.999616e-01 3.132800e-04 -1.539380e+00 
3.142800e-04 1.997999e-01 3.142800e-04 -1.529138e+00 
3.152800e-04 1.995120e-01 3.152800e-04 -1.517876e+00 
3.162800e-04 1.990981e-01 3.162800e-04 -1.505602e+00 
3.172800e-04 1.985585e-01 3.172800e-04 -1.492326e+00 
3.182800e-04 1.978935e-01 3.182800e-04 -1.478055e+00 
3.192800e-04 1.971034e-01 3.192800e-04 -1.462800e+00 
3.202800e-04 1.961889e-01 3.202800e-04 -1.446571e+00 
3.212800e-04 1.951504e-01 3.212800e-04 -1.429379e+00 
3.222800e-04 1.939887e-01 3.222800e-04 -1.411236e+00 
3.232800e-04 1.927044e-01 3.232800e-04 -1.392154e+00 
3.242800e-04 1.912985e-01 3.242800e-04 -1.372145e+00 
3.252800e-04 1.897717e-01 3.252800e-04 -1.351225e+00 
3.262800e-04 1.881250e-01 3.262800e-04 -1.329406e+00 
3.272800e-04 1.863595e-01 3.272800e-04 -1.306703e+00 
3.282800e-04 1.844764e-01 3.282800e-04 -1.283132e+00 
3.292800e-04 1.824766e-01 3.292800e-04 -1.258709e+00 
3.302800e-04 1.803617e-01 3.302800e-04 -1.233450e+00 
3.312800e-04 1.781328e-01 3.312800e-04 -1.207372e+00 
3.322800e-04 1.757914e-01 3.322800e-04 -1.180493e+00 
3.332800e-04 1.733390e-01 3.332800e-04 -1.152831e+00 
3.342800e-04 1.707771e-01 3.342800e-04 -1.124404e+00 
3.352800e-04 1.681073e-01 3.352800e-04 -1.095233e+00 
3.362800e-04 1.653313e-01 3.362800e-04 -1.065335e+00 
3.372800e-04 1.624509e-01 3.372800e-04 -1.034732e+00 
3.382800e-04 1.594679e-01 3.382800e-04 -1.003445e+00 
3.392800e-04 1.563842e-01 3.392800e-04 -9.714933e-01 
3.402800e-04 1.532017e-01 3.402800e-04 -9.388996e-01 
3.412800e-04 1.499224e-01 3.412800e-04 -9.056856e-01 
3.422800e-04 1.465485e-01 3.422800e-04 -8.718735e-01 
3.432800e-04 1.430820e-01 3.432800e-04 -8.374862e-01 
3.442800e-04 1.395251e-01 3.442800e-04 -8.025468e-01 
3.452800e-04 1.358801e-01 3.452800e-04 -7.670787e-01 
3.462800e-04 1.321492e-01 3.462800e-04 -7.311059e-01 
3.472800e-04 1.283349e-01 3.472800e-04 -6.946525e-01 
3.482800e-04 1.244395e-01 3.482800e-04 -6.577429e-01 
3.492800e-04 1.204656e-01 3.492800e-04 -6.204020e-01 
3.502800e-04 1.164155e-01 3.502800e-04 -5.826549e-01 
3.512800e-04 1.122919e-01 3.512800e-04 -5.445268e-01 
3.522800e-04 1.080974e-01 3.522800e-04 -5.060435e-01 
3.532800e-04 1.038346e-01 3.532800e-04 -4.672306e-01 
3.542800e-04 9.950624e-02 3.542800e-04 -4.281142e-01 
3.552800e-04 9.511502e-02 3.552800e-04 -3.887205e-01 
3.562800e-04 9.066371e-02 3.562800e-04 -3.490759e-01 
3.572800e-04 8.615515e-02 3.572800e-04 -3.092069e-01 
3.582800e-04 8.159216e-02 3.582800e-04 -2.691403e-01 
3.592800e-04 7.697764e-02 3.592800e-04 -2.289027e-01 
3.602800e-04 7.231450e-02 3.602800e-04 -1.885211e-01 
3.612800e-04 6.760568e-02 3.612800e-04 -1.480225e-01 
3.622800e-04 6.285417e-02 3.622800e-04 -1.074337e-01 
3.632800e-04 5.806295e-02 3.632800e-04 -6.678192e-02 
3.642800e-04 5.323506e-02 3.642800e-04 -2.609416e-02 
3.652800e-04 4.837354e-02 3.652800e-04 1.460258e-02 
3.662800e-04 4.348147e-02 3.662800e-04 5.528123e-02 
3.672800e-04 3.856194e-02 3.672800e-04 9.591487e-02 
3.682800e-04 3.361805e-02 3.682800e-04 1.364766e-01 
3.692800e-04 2.865292e-02 3.692800e-04 1.769396e-01 
3.702800e-04 2.366970e-02 3.702800e-04 2.172772e-01 
3.712800e-04 1.867153e-02 3.712800e-04 2.574628e-01 
3.722800e-04 1.366156e-02 3.722800e-04 2.974701e-01 
3.732800e-04 8.642971e-03 3.732800e-04 3.372729e-01 
3.742800e-04 3.618917e-03 3.742800e-04 3.768451e-01 
3.752800e-04 -1.407422e-03 3.752800e-04 4.161610e-01 
3.762800e-04 -6.432872e-03 3.762800e-04 4.551950e-01 
3.772800e-04 -1.145426e-02 3.772800e-04 4.939218e-01 
3.782800e-04 -1.646841e-02 3.782800e-04 5.323164e-01 
3.792800e-04 -2.147216e-02 3.792800e-04 5.703542e-01 
3.802800e-04 -2.646235e-02 3.802800e-04 6.080108e-01 
3.812800e-04 -3.143582e-02 3.812800e-04 6.452621e-01 
3.822800e-04 -3.638944e-02 3.822800e-04 6.820847e-01 
3.832800e-04 -4.132008e-02 3.832800e-04 7.184551e-01 
3.842800e-04 -4.622461e-02 3.842800e-04 7.543506e-01 
3.852800e-04 -5.109995e-02 3.852800e-04 7.897487e-01 
3.862800e-04 -5.594301e-02 3.862800e-04 8.246276e-01 
3.872800e-04 -6.075074e-02 3.872800e-04 8.589657e-01 
3.882800e-04 -6.552010e-02 3.882800e-04 8.927419e-01 
3.892800e-04 -7.024807e-02 3.892800e-04 9.259359e-01 
3.902800e-04 -7.493168e-02 3.902800e-04 9.585276e-01 
3.912800e-04 -7.956795e-02 3.912800e-04 9.904975e-01 
3.922800e-04 -8.415397e-02 3.922800e-04 1.021827e+00 
3.932800e-04 -8.868683e-02 3.932800e-04 1.052497e+00 
3.942800e-04 -9.316368e-02 3.942800e-04 1.082491e+00 
3.952800e-04 -9.758168e-02 3.952800e-04 1.111790e+00 
3.962800e-04 -1.019381e-01 3.962800e-04 1.140379e+00 
3.972800e-04 -1.062300e-01 3.972800e-04 1.168242e+00 
3.982800e-04 -1.104549e-01 3.982800e-04 1.195362e+00 
3.992800e-04 -1.146100e-01 3.992800e-04 1.221726e+00 
4.002800e-04 -1.186928e-01 4.002800e-04 1.247320e+00 
4.012800e-04 -1.227005e-01 4.012800e-04 1.272128e+00 
4.022800e-04 -1.266308e-01 4.022800e-04 1.296140e+00 
4.032800e-04 -1.304811e-01 4.032800e-04 1.319342e+00 
4.042800e-04 -1.342489e-01 4.042800e-04 1.341723e+00 
4.052800e-04 -1.379320e-01 4.052800e-04 1.363272e+00 
4.062800e-04 -1.415279e-01 4.062800e-04 1.383978e+00 
4.072800e-04 -1.450345e-01 4.072800e-04 1.403832e+00 
4.082800e-04 -1.484494e-01 4.082800e-04 1.422824e+00 
4.092800e-04 -1.517706e-01 4.092800e-04 1.440946e+00 
4.102800e-04 -1.549960e-01 4.102800e-04 1.458190e+00 
4.112800e-04 -1.581234e-01 4.112800e-04 1.474548e+00 
4.122800e-04 -1.611509e-01 4.122800e-04 1.490013e+00 
4.132800e-04 -1.640767e-01 4.132800e-04 1.504579e+00 
4.142800e-04 -1.668988e-01 4.142800e-04 1.518240e+00 
4.152800e-04 -1.696155e-01 4.152800e-04 1.530990e+00 
4.162800e-04 -1.722251e-01 4.162800e-04 1.542824e+00 
4.172800e-04 -1.747259e-01 4.172800e-04 1.553739e+00 
4.182800e-04 -1.771164e-01 4.182800e-04 1.563729e+00 
4.192800e-04 -1.793949e-01 4.192800e-04 1.572792e+00 
4.202800e-04 -1.815602e-01 4.202800e-04 1.580924e+00 
4.212800e-04 -1.836108e-01 4.212800e-04 1.588122e+00 
4.222800e-04 -1.855454e-01 4.222800e-04 1.594384e+00 
4.232800e-04 -1.873628e-01 4.232800e-04 1.599707e+00 
4.242800e-04 -1.890619e-01 4.242800e-04 1.604090e+00 
4.252800e-04 -1.906415e-01 4.252800e-04 1.607532e+00 
4.262800e-04 -1.921008e-01 4.262800e-04 1.610031e+00 
4.272800e-04 -1.934387e-01 4.272800e-04 1.611586e+00 
4.282800e-04 -1.946544e-01 4.282800e-04 1.612197e+00 
4.292800e-04 -1.957472e-01 4.292800e-04 1.611863e+00 
4.302800e-04 -1.967163e-01 4.302800e-04 1.610586e+00 
4.312800e-04 -1.975612e-01 4.312800e-04 1.608364e+00 
4.322800e-04 -1.982813e-01 4.322800e-04 1.605199e+00 
4.332800e-04 -1.988762e-01 4.332800e-04 1.601092e+00 
4.342800e-04 -1.993454e-01 4.342800e-04 1.596044e+00 
4.352800e-04 -1.996888e-01 4.352800e-04 1.590057e+00 
4.362800e-04 -1.999060e-01 4.362800e-04 1.583132e+00 
4.372800e-04 -1.999969e-01 4.372800e-04 1.575272e+00 
4.382800e-04 -1.999616e-01 4.382800e-04 1.566479e+00 
4.392800e-04 -1.997999e-01 4.392800e-04 1.556757e+00 
4.402800e-04 -1.995120e-01 4.402800e-04 1.546108e+00 
4.412800e-04 -1.990981e-01 4.412800e-04 1.534537e+00 
4.422800e-04 -1.985585e-01 4.422800e-04 1.522048e+00 
4.432800e-04 -1.978935e-01 4.432800e-04 1.508646e+00 
4.442800e-04 -1.971034e-01 4.442800e-04 1.494334e+00 
4.452800e-04 -1.961889e-01 4.452800e-04 1.479120e+00 
4.462800e-04 -1.951504e-01 4.462800e-04 1.463009e+00 
4.472800e-04 -1.939887e-01 4.472800e-04 1.446008e+00 
4.482800e-04 -1.927044e-01 4.482800e-04 1.428124e+00 
4.492800e-04 -1.912985e-01 4.492800e-04 1.409364e+00 
4.502800e-04 -1.897717e-01 4.502800e-04 1.389737e+00 
4.512800e-04 -1.881250e-01 4.512800e-04 1.369252e+00 
4.522800e-04 -1.863595e-01 4.522800e-04 1.347917e+00 
4.532800e-04 -1.844764e-01 4.532800e-04 1.325743e+00 
4.542800e-04 -1.824766e-01 4.542800e-04 1.302741e+00 
4.552800e-04 -1.803617e-01 4.552800e-04 1.278921e+00 
4.562800e-04 -1.781328e-01 4.562800e-04 1.254295e+00 
4.572800e-04 -1.757914e-01 4.572800e-04 1.228876e+00 
4.582800e-04 -1.733390e-01 4.582800e-04 1.202677e+00 
4.592800e-04 -1.707771e-01 4.592800e-04 1.175711e+00 
4.602800e-04 -1.681073e-01 4.602800e-04 1.147993e+00 
4.612800e-04 -1.653313e-01 4.612800e-04 1.119538e+00 
4.622800e-04 -1.624509e-01 4.622800e-04 1.090360e+00 
4.632800e-04 -1.594679e-01 4.632800e-04 1.060477e+00 
4.642800e-04 -1.563842e-01 4.642800e-04 1.029905e+00 
4.652800e-04 -1.532017e-01 4.652800e-04 9.986609e-01 
4.662800e-04 -1.499224e-01 4.662800e-04 9.667629e-01 
4.672800e-04 -1.465485e-01 4.672800e-04 9.342296e-01 
4.682800e-04 -1.430820e-01 4.682800e-04 9.010798e-01 
4.692800e-04 -1.395251e-01 4.692800e-04 8.673332e-01 
4.702800e-04 -1.358801e-01 4.702800e-04 8.330098e-01 
4.712800e-04 -1.321492e-01 4.712800e-04 7.981303e-01 
4.722800e-04 -1.283349e-01 4.722800e-04 7.627158e-01 
4.732800e-04 -1.244395e-01 4.732800e-04 7.267878e-01 
4.742800e-04 -1.204656e-01 4.742800e-04 6.903685e-01 
4.752800e-04 -1.164155e-01 4.752800e-04 6.534802e-01 
4.762800e-04 -1.122919e-01 4.762800e-04 6.161460e-01 
4.772800e-04 -1.080974e-01 4.772800e-04 5.783892e-01 
4.782800e-04 -1.038346e-01 4.782800e-04 5.402334e-01 
4.792800e-04 -9.950624e-02 4.792800e-04 5.017028e-01 
4.802800e-04 -9.511502e-02 4.802800e-04 4.628218e-01 
4.812800e-04 -9.066371e-02 4.812800e-04 4.236151e-01 
4.822800e-04 -8.615515e-02 4.822800e-04 3.841078e-01 
4.832800e-04 -8.159216e-02 4.832800e-04 3.443252e-01 
4.842800e-04 -7.697764e-02 4.842800e-04 3.042929e-01 
4.852800e-04 -7.231450e-02 4.852800e-04 2.640367e-01 
4.862800e-04 -6.760568e-02 4.862800e-04 2.235828e-01 
4.872800e-04 -6.285417e-02 4.872800e-04 1.829573e-01 
4.882800e-04 -5.806295e-02 4.882800e-04 1.421866e-01 
4.892800e-04 -5.323506e-02 4.892800e-04 1.012973e-01 
4.902800e-04 -4.837354e-02 4.902800e-04 6.031622e-02 
4.912800e-04 -4.348147e-02 4.912800e-04 1.927003e-02 
4.922800e-04 -3.856194e-02 4.922800e-04 -2.181433e-02 
4.932800e-04 -3.361805e-02 4.932800e-04 -6.290988e-02 
4.942800e-04 -2.865292e-02 4.942800e-04 -1.039896e-01 
4.952800e-04 -2.366970e-02 4.952800e-04 -1.450266e-01 
4.962800e-04 -1.867153e-02 4.962800e-04 -1.859936e-01 
4.972800e-04 -1.366156e-02 4.972800e-04 -2.268637e-01 
4.982800e-04 -8.642971e-03 4.982800e-04 -2.676100e-01 
4.992800e-04 -3.618917e-03 4.992800e-04 -3.082055e-01 
5.002800e-04 1.407422e-03 5.002800e-04 -3.486234e-01 
5.012800e-04 6.432872e-03 5.012800e-04 -3.888369e-01 
5.022800e-04 1.145426e-02 5.022800e-04 -4.288193e-01 
5.032800e-04 1.646841e-02 5.032800e-04 -4.685444e-01 
5.042800e-04 2.147216e-02 5.042800e-04 -5.079855e-01 
5.052800e-04 2.646235e-02 5.052800e-04 -5.471168e-01 
5.062800e-04 3.143582e-02 5.062800e-04 -5.859121e-01 
5.072800e-04 3.638944e-02 5.072800e-04 -6.243458e-01 
5.082800e-04 4.132008e-02 5.082800e-04 -6.623923e-01 
5.092800e-04 4.622461e-02 5.092800e-04 -7.000264e-01 
5.102800e-04 5.109995e-02 5.102800e-04 -7.372231e-01 
5.112800e-04 5.594301e-02 5.112800e-04 -7.739577e-01 
5.122800e-04 6.075074e-02 5.122800e-04 -8.102059e-01 
5.132800e-04 6.552010e-02 5.132800e-04 -8.459434e-01 
5.142800e-04 7.024807e-02 5.142800e-04 -8.811467e-01 
5.152800e-04 7.493168e-02 5.152800e-04 -9.157923e-01 
5.162800e-04 7.956795e-02 5.162800e-04 -9.498572e-01 
5.172800e-04 8.415397e-02 5.172800e-04 -9.833188e-01 
5.182800e-04 8.868683e-02 5.182800e-04 -1.016155e+00 
5.192800e-04 9.316368e-02 5.192800e-04 -1.048343e+00 
5.202800e-04 9.758168e-02 5.202800e-04 -1.079863e+00 
5.212800e-04 1.019381e-01 5.212800e-04 -1.110694e+00 
5.222800e-04 1.062300e-01 5.222800e-04 -1.140814e+00 
5.232800e-04 1.104549e-01 5.232800e-04 -1.170204e+00 
5.242800e-04 1.146100e-01 5.242800e-04 -1.198844e+00 
5.252800e-04 1.186928e-01 5.252800e-04 -1.226716e+00 
5.262800e-04 1.227005e-01 5.262800e-04 -1.253801e+00 
5.272800e-04 1.266308e-01 5.272800e-04 -1.280080e+00 
5.282800e-04 1.304811e-01 5.282800e-04 -1.305537e+00 
5.292800e-04 1.342489e-01 5.292800e-04 -1.330154e+00 
5.302800e-04 1.379320e-01 5.302800e-04 -1.353916e+00 
5.312800e-04 1.415279e-01 5.312800e-04 -1.376806e+00 
5.322800e-04 1.450345e-01 5.322800e-04 -1.398810e+00 
5.332800e-04 1.484494e-01 5.332800e-04 -1.419912e+00 
5.342800e-04 1.517706e-01 5.342800e-04 -1.440099e+00 
5.352800e-04 1.549960e-01 5.352800e-04 -1.459357e+00 
5.362800e-04 1.581234e-01 5.362800e-04 -1.477674e+00 
5.372800e-04 1.611509e-01 5.372800e-04 -1.495037e+00 
5.382800e-04 1.640767e-01 5.382800e-04 -1.511436e+00 
5.392800e-04 1.668988e-01 5.392800e-04 -1.526858e+00 
5.402800e-04 1.696155e-01 5.402800e-04 -1.541295e+00 
5.412800e-04 1.722251e-01 5.412800e-04 -1.554735e+00 
5.422800e-04 1.747259e-01 5.422800e-04 -1.567172e+00 
5.432800e-04 1.771164e-01 5.432800e-04 -1.578595e+00 
5.442800e-04 1.793949e-01 5.442800e-04 -1.588999e+00 
5.452800e-04 1.815602e-01 5.452800e-04 -1.598375e+00 
5.462800e-04 1.836108e-01 5.462800e-04 -1.606718e+00 
5.472800e-04 1.855454e-01 5.472800e-04 -1.614022e+00 
5.482800e-04 1.873628e-01 5.482800e-04 -1.620283e+00 
5.492800e-04 1.890619e-01 5.492800e-04 -1.625496e+00 
5.502800e-04 1.906415e-01 5.502800e-04 -1.629658e+00 
5.512800e-04 1.921008e-01 5.512800e-04 -1.632766e+00 
5.522800e-04 1.934387e-01 5.522800e-04 -1.634818e+00 
5.532800e-04 1.946544e-01 5.532800e-04 -1.635813e+00 
5.542800e-04 1.957472e-01 5.542800e-04 -1.635750e+00 
5.552800e-04 1.967163e-01 5.552800e-04 -1.634630e+00 
5.562800e-04 1.975612e-01 5.562800e-04 -1.632453e+00 
5.572800e-04 1.982813e-01 5.572800e-04 -1.629220e+00 
5.582800e-04 1.988762e-01 5.582800e-04 -1.624934e+00 
5.592800e-04 1.993454e-01 5.592800e-04 -1.619598e+00 
5.602800e-04 1.996888e-01 5.602800e-04 -1.613216e+00 
5.612800e-04 1.999060e-01 5.612800e-04 -1.605791e+00 
5.622800e-04 1.999969e-01 5.622800e-04 -1.597329e+00 
5.632800e-04 1.999616e-01 5.632800e-04 -1.587835e+00 
5.642800e-04 1.997999e-01 5.642800e-04 -1.577315e+00 
5.652800e-04 1.995120e-01 5.652800e-04 -1.565778e+00 
5.662800e-04 1.990981e-01 5.662800e-04 -1.553230e+00 
5.672800e-04 1.985585e-01 5.672800e-04 -1.539679e+00 
5.682800e-04 1.978935e-01 5.682800e-04 -1.525136e+00 
5.692800e-04 1.971034e-01 5.692800e-04 -1.509609e+00 
5.702800e-04 1.961889e-01 5.702800e-04 -1.493110e+00 
5.712800e-04 1.951504e-01 5.712800e-04 -1.475648e+00 
5.722800e-04 1.939887e-01 5.722800e-04 -1.457236e+00 
5.732800e-04 1.927044e-01 5.732800e-04 -1.437886e+00 
5.742800e-04 1.912985e-01 5.742800e-04 -1.417611e+00 
5.752800e-04 1.897717e-01 5.752800e-04 -1.396424e+00 
5.762800e-04 1.881250e-01 5.762800e-04 -1.374340e+00 
5.772800e-04 1.863595e-01 5.772800e-04 -1.351373e+00 
5.782800e-04 1.844764e-01 5.782800e-04 -1.327539e+00 
5.792800e-04 1.824766e-01 5.792800e-04 -1.302854e+00 
5.802800e-04 1.803617e-01 5.802800e-04 -1.277334e+00 
5.812800e-04 1.781328e-01 5.812800e-04 -1.250996e+00 
5.822800e-04 1.757914e-01 5.822800e-04 -1.223857e+00 
5.832800e-04 1.733390e-01 5.832800e-04 -1.195937e+00 
5.842800e-04 1.707771e-01 5.842800e-04 -1.167253e+00 
5.852800e-04 1.681073e-01 5.852800e-04 -1.137824e+00 
5.862800e-04 1.653313e-01 5.862800e-04 -1.107671e+00 
5.872800e-04 1.624509e-01 5.872800e-04 -1.076814e+00 
5.882800e-04 1.594679e-01 5.882800e-04 -1.045272e+00 
5.892800e-04 1.563842e-01 5.892800e-04 -1.013067e+00 
5.902800e-04 1.532017e-01 5.902800e-04 -9.802210e-01 
5.912800e-04 1.499224e-01 5.912800e-04 -9.467553e-01 
5.922800e-04 1.465485e-01 5.922800e-04 -9.126926e-01 
5.932800e-04 1.430820e-01 5.932800e-04 -8.780553e-01 
5.942800e-04 1.395251e-01 5.942800e-04 -8.428668e-01 
5.952800e-04 1.358801e-01 5.952800e-04 -8.071504e-01 
5.962800e-04 1.321492e-01 5.962800e-04 -7.709300e-01 
5.972800e-04 1.283349e-01 5.972800e-04 -7.342298e-01 
5.982800e-04 1.244395e-01 5.982800e-04 -6.970742e-01 
5.992800e-04 1.204656e-01 5.992800e-04 -6.594880e-01 
6.002800e-04 1.164155e-01 6.002800e-04 -6.214964e-01 
6.012800e-04 1.122919e-01 6.012800e-04 -5.831245e-01 
6.022800e-04 1.080974e-01 6.022800e-04 -5.443980e-01 
6.032800e-04 1.038346e-01 6.032800e-04 -5.053428e-01 
6.042800e-04 9.950624e-02 6.042800e-04 -4.659847e-01 
6.052800e-04 9.511502e-02 6.052800e-04 -4.263500e-01 
6.062800e-04 9.066371e-02 6.062800e-04 -3.864651e-01 
6.072800e-04 8.615515e-02 6.072800e-04 -3.463565e-01 
6.082800e-04 8.159216e-02 6.082800e-04 -3.060509e-01 
6.092800e-04 7.697764e-02 6.092800e-04 -2.655750e-01 
6.102800e-04 7.231450e-02 6.102800e-04 -2.249558e-01 
6.112800e-04 6.760568e-02 6.112800e-04 -1.842201e-01 
6.122800e-04 6.285417e-02 6.122800e-04 -1.433949e-01 
6.132800e-04 5.806295e-02 6.132800e-04 -1.025073e-01 
6.142800e-04 5.323506e-02 6.142800e-04 -6.158438e-02 
6.152800e-04 4.837354e-02 6.152800e-04 -2.065309e-02 
6.162800e-04 4.348147e-02 6.162800e-04 2.025953e-02 
6.172800e-04 3.856194e-02 6.172800e-04 6.112653e-02 
6.182800e-04 3.361805e-02 6.182800e-04 1.019210e-01 
6.192800e-04 2.865292e-02 6.192800e-04 1.426162e-01 
6.202800e-04 2.366970e-02 6.202800e-04 1.831854e-01 
6.212800e-04 1.867153e-02 6.212800e-04 2.236020e-01 
6.222800e-04 1.366156e-02 6.222800e-04 2.638397e-01 
6.232800e-04 8.642971e-03 6.232800e-04 3.038723e-01 
6.242800e-04 3.618917e-03 6.242800e-04 3.436738e-01 
6.252800e-04 -1.407422e-03 6.252800e-04 3.832182e-01 
6.262800e-04 -6.432872e-03 6.262800e-04 4.224802e-01 
6.272800e-04 -1.145426e-02 6.272800e-04 4.614344e-01 
6.282800e-04 -1.646841e-02 6.282800e-04 5.000559e-01 
6.292800e-04 -2.147216e-02 6.292800e-04 5.383198e-01 
6.302800e-04 -2.646235e-02 6.302800e-04 5.762019e-01 
6.312800e-04 -3.143582e-02 6.312800e-04 6.136781e-01 
6.322800e-04 -3.638944e-02 6.322800e-04 6.507247e-01 
6.332800e-04 -4.132008e-02 6.332800e-04 6.873186e-01 
6.342800e-04 -4.622461e-02 6.342800e-04 7.234368e-01 
6.352800e-04 -5.109995e-02 6.352800e-04 7.590569e-01 
6.362800e-04 -5.594301e-02 6.362800e-04 7.941569e-01 
6.372800e-04 -6.075074e-02 6.372800e-04 8.287154e-01 
6.382800e-04 -6.552010e-02 6.382800e-04 8.627111e-01 
6.392800e-04 -7.024807e-02 6.392800e-04 8.961237e-01 
6.402800e-04 -7.493168e-02 6.402800e-04 9.289331e-01 
6.412800e-04 -7.956795e-02 6.412800e-04 9.611197e-01 
6.422800e-04 -8.415397e-02 6.422800e-04 9.926646e-01 
6.432800e-04 -8.868683e-02 6.432800e-04 1.023550e+00 
6.442800e-04 -9.316368e-02 6.442800e-04 1.053756e+00 
6.452800e-04 -9.758168e-02 6.452800e-04 1.083268e+00 
6.462800e-04 -1.019381e-01 6.462800e-04 1.112068e+00 
6.472800e-04 -1.062300e-01 6.472800e-04 1.140141e+00 
6.482800e-04 -1.104549e-01 6.482800e-04 1.167469e+00 
6.492800e-04 -1.146100e-01 6.492800e-04 1.194040e+00 
6.502800e-04 -1.186928e-01 6.502800e-04 1.219838e+00 
6.512800e-04 -1.227005e-01 6.512800e-04 1.244851e+00 
6.522800e-04 -1.266308e-01 6.522800e-04 1.269064e+00 
6.532800e-04 -1.304811e-01 6.532800e-04 1.292467e+00 
6.542800e-04 -1.342489e-01 6.542800e-04 1.315046e+00 
6.552800e-04 -1.379320e-01 6.552800e-04 1.336791e+00 
6.562800e-04 -1.415279e-01 6.562800e-04 1.357692e+00 
6.572800e-04 -1.450345e-01 6.572800e-04 1.377738e+00 
6.582800e-04 -1.484494e-01 6.582800e-04 1.396920e+00 
6.592800e-04 -1.517706e-01 6.592800e-04 1.415229e+00 
6.602800e-04 -1.549960e-01 6.602800e-04 1.432658e+00 
6.612800e-04 -1.581234e-01 6.612800e-04 1.449199e+00 
6.622800e-04 -1.611509e-01 6.622800e-04 1.464844e+00 
6.632800e-04 -1.640767e-01 6.632800e-04 1.479588e+00 
6.642800e-04 -1.668988e-01 6.642800e-04 1.493423e+00 
6.652800e-04 -1.696155e-01 6.652800e-04 1.506345e+00 
6.662800e-04 -1.722251e-01 6.662800e-04 1.518349e+00 
6.672800e-04 -1.747259e-01 6.672800e-04 1.529430e+00 
6.682800e-04 -1.771164e-01 6.682800e-04 1.539584e+00 
6.692800e-04 -1.793949e-01 6.692800e-04 1.548807e+00 
6.702800e-04 -1.815602e-01 6.702800e-04 1.557096e+00 
6.712800e-04 -1.836108e-01 6.712800e-04 1.564448e+00 
6.722800e-04 -1.855454e-01 6.722800e-04 1.570860e+00 
6.732800e-04 -1.873628e-01 6.732800e-04 1.576331e+00 
6.742800e-04 -1.890619e-01 6.742800e-04 1.580859e+00 
6.752800e-04 -1.906415e-01 6.752800e-04 1.584442e+00 
6.762800e-04 -1.921008e-01 6.762800e-04 1.587079e+00 
6.772800e-04 -1.934387e-01 6.772800e-04 1.588769e+00 
6.782800e-04 -1.946544e-01 6.782800e-04 1.589512e+00 
6.792800e-04 -1.957472e-01 6.792800e-04 1.589307e+00 
6.802800e-04 -1.967163e-01 6.802800e-04 1.588155e+00 
6.812800e-04 -1.975612e-01 6.812800e-04 1.586056e+00 
6.822800e-04 -1.982813e-01 6.822800e-04 1.583011e+00 
6.832800e-04 -1.988762e-01 6.832800e-04 1.579021e+00 
6.842800e-04 -1.993454e-01 6.842800e-04 1.574087e+00 
6.852800e-04 -1.996888e-01 6.852800e-04 1.568211e+00 
6.862800e-04 -1.999060e-01 6.862800e-04 1.561395e+00 
6.872800e-04 -1.999969e-01 6.872800e-04 1.553641e+00 
6.882800e-04 -1.999616e-01 6.882800e-04 1.544952e+00 
6.892800e-04 -1.997999e-01 6.892800e-04 1.535332e+00 
6.902800e-04 -1.995120e-01 6.902800e-04 1.524783e+00 
6.912800e-04 -1.990981e-01 6.912800e-04 1.513309e+00 
6.922800e-04 -1.985585e-01 6.922800e-04 1.500915e+00 
6.932800e-04 -1.978935e-01 6.932800e-04 1.487606e+00 
6.942800e-04 -1.971034e-01 6.942800e-04 1.473386e+00 
6.952800e-04 -1.961889e-01 6.952800e-04 1.458262e+00 
6.962800e-04 -1.951504e-01 6.962800e-04 1.442239e+00 
6.972800e-04 -1.939887e-01 6.972800e-04 1.425325e+00 
6.982800e-04 -1.927044e-01 6.982800e-04 1.407527e+00 
6.992800e-04 -1.912985e-01 6.992800e-04 1.388851e+00 
7.002800e-04 -1.897717e-01 7.002800e-04 1.369308e+00 
7.012800e-04 -1.881250e-01 7.012800e-04 1.348904e+00 
7.022800e-04 -1.863595e-01 7.022800e-04 1.327651e+00 
7.032800e-04 -1.844764e-01 7.032800e-04 1.305558e+00 
7.042800e-04 -1.824766e-01 7.042800e-04 1.282635e+00 
7.052800e-04 -1.803617e-01 7.052800e-04 1.258895e+00 
7.062800e-04 -1.781328e-01 7.062800e-04 1.234348e+00 
7.072800e-04 -1.757914e-01 7.072800e-04 1.209007e+00 
7.082800e-04 -1.733390e-01 7.082800e-04 1.182886e+00 
7.092800e-04 -1.707771e-01 7.092800e-04 1.155998e+00 
7.102800e-04 -1.681073e-01 7.102800e-04 1.128357e+00 
7.112800e-04 -1.653313e-01 7.112800e-04 1.099979e+00 
7.122800e-04 -1.624509e-01 7.122800e-04 1.070879e+00 
7.132800e-04 -1.594679e-01 7.132800e-04 1.041072e+00 
7.142800e-04 -1.563842e-01 7.142800e-04 1.010577e+00 
7.152800e-04 -1.532017e-01 7.152800e-04 9.794098e-01 
7.162800e-04 -1.499224e-01 7.162800e-04 9.475887e-01 
7.172800e-04 -1.465485e-01 7.172800e-04 9.151323e-01 
7.182800e-04 -1.430820e-01 7.182800e-04 8.820596e-01 
7.192800e-04 -1.395251e-01 7.192800e-04 8.483902e-01 
7.202800e-04 -1.358801e-01 7.202800e-04 8.141441e-01 
7.212800e-04 -1.321492e-01 7.212800e-04 7.793421e-01 
7.222800e-04 -1.283349e-01 7.222800e-04 7.440052e-01 
7.232800e-04 -1.244395e-01 7.232800e-04 7.081551e-01 
7.242800e-04 -1.204656e-01 7.242800e-04 6.718138e-01 
7.252800e-04 -1.164155e-01 7.252800e-04 6.350038e-01 
7.262800e-04 -1.122919e-01 7.262800e-04 5.977480e-01 
7.272800e-04 -1.080974e-01 7.272800e-04 5.600698e-01 
7.282800e-04 -1.038346e-01 7.282800e-04 5.219929e-01 
7.292800e-04 -9.950624e-02 7.292800e-04 4.835413e-01 
7.302800e-04 -9.511502e-02 7.302800e-04 4.447396e-01 
7.312800e-04 -9.066371e-02 7.312800e-04 4.056124e-01 
7.322800e-04 -8.615515e-02 7.322800e-04 3.661847e-01 
7.332800e-04 -8.159216e-02 7.332800e-04 3.264820e-01 
7.342800e-04 -7.697764e-02 7.342800e-04 2.865297e-01 
7.352800e-04 -7.231450e-02 7.352800e-04 2.463538e-01 
7.362800e-04 -6.760568e-02 7.362800e-04 2.059802e-01 
7.372800e-04 -6.285417e-02 7.372800e-04 1.654352e-01 
7.382800e-04 -5.806295e-02 7.382800e-04 1.247453e-01 
7.392800e-04 -5.323506e-02 7.392800e-04 8.393687e-02 
7.402800e-04 -4.837354e-02 7.402800e-04 4.303672e-02 
7.412800e-04 -4.348147e-02 7.412800e-04 2.071618e-03 
7.422800e-04 -3.856194e-02 7.422800e-04 -3.893154e-02 
7.432800e-04 -3.361805e-02 7.432800e-04 -7.994581e-02 
7.442800e-04 -2.865292e-02 7.442800e-04 -1.209442e-01 
7.452800e-04 -2.366970e-02 7.452800e-04 -1.618997e-01 
7.462800e-04 -1.867153e-02 7.462800e-04 -2.027852e-01 
7.472800e-04 -1.366156e-02 7.472800e-04 -2.435738e-01 
7.482800e-04 -8.642971e-03 7.482800e-04 -2.842385e-01 
7.492800e-04 -3.618917e-03 7.492800e-04 -3.247523e-01 
7.502800e-04 1.407422e-03 7.502800e-04 -3.650885e-01 
7.512800e-04 6.432872e-03 7.512800e-04 -4.052204e-01 
7.522800e-04 1.145426e-02 7.522800e-04 -4.451212e-01 
7.532800e-04 1.646841e-02 7.532800e-04 -4.847646e-01 
7.542800e-04 2.147216e-02 7.542800e-04 -5.241242e-01 
7.552800e-04 2.646235e-02 7.552800e-04 -5.631739e-01 
7.562800e-04 3.143582e-02 7.562800e-04 -6.018877e-01 
7.572800e-04 3.638944e-02 7.572800e-04 -6.402399e-01 
7.582800e-04 4.132008e-02 7.582800e-04 -6.782051e-01 
7.592800e-04 4.622461e-02 7.592800e-04 -7.157579e-01 
7.602800e-04 5.109995e-02 7.602800e-04 -7.528734e-01 
7.612800e-04 5.594301e-02 7.612800e-04 -7.895269e-01 
7.622800e-04 6.075074e-02 7.622800e-04 -8.256940e-01 
7.632800e-04 6.552010e-02 7.632800e-04 -8.613507e-01 
7.642800e-04 7.024807e-02 7.642800e-04 -8.964731e-01 
7.652800e-04 7.493168e-02 7.652800e-04 -9.310381e-01 
7.662800e-04 7.956795e-02 7.662800e-04 -9.650224e-01 
7.672800e-04 8.415397e-02 7.672800e-04 -9.984036e-01 
7.682800e-04 8.868683e-02 7.682800e-04 -1.031159e+00 
7.692800e-04 9.316368e-02 7.692800e-04 -1.063268e+00 
7.702800e-04 9.758168e-02 7.702800e-04 -1.094708e+00 
7.712800e-04 1.019381e-01 7.712800e-04 -1.125459e+00 
7.722800e-04 1.062300e-01 7.722800e-04 -1.155499e+00 
7.732800e-04 1.104549e-01 7.732800e-04 -1.184810e+00 
7.742800e-04 1.146100e-01 7.742800e-04 -1.213371e+00 
7.752800e-04 1.186928e-01 7.752800e-04 -1.241164e+00 
7.762800e-04 1.227005e-01 7.762800e-04 -1.268169e+00 
7.772800e-04 1.266308e-01 7.772800e-04 -1.294370e+00 
7.782800e-04 1.304811e-01 7.782800e-04 -1.319749e+00 
7.792800e-04 1.342489e-01 7.792800e-04 -1.344288e+00 
7.802800e-04 1.379320e-01 7.802800e-04 -1.367972e+00 
7.812800e-04 1.415279e-01 7.812800e-04 -1.390784e+00 
7.822800e-04 1.450345e-01 7.822800e-04 -1.412710e+00 
7.832800e-04 1.484494e-01 7.832800e-04 -1.433735e+00 
7.842800e-04 1.517706e-01 7.842800e-04 -1.453845e+00 
7.852800e-04 1.549960e-01 7.852800e-04 -1.473026e+00 
7.862800e-04 1.581234e-01 7.862800e-04 -1.491267e+00 
7.872800e-04 1.611509e-01 7.872800e-04 -1.508554e+00 
7.882800e-04 1.640767e-01 7.882800e-04 -1.524876e+00 
7.892800e-04 1.668988e-01 7.892800e-04 -1.540222e+00 
7.902800e-04 1.696155e-01 7.902800e-04 -1.554583e+00 
7.912800e-04 1.722251e-01 7.912800e-04 -1.567948e+00 
7.922800e-04 1.747259e-01 7.922800e-04 -1.580310e+00 
7.932800e-04 1.771164e-01 7.932800e-04 -1.591658e+00 
7.942800e-04 1.793949e-01 7.942800e-04 -1.601987e+00 
7.952800e-04 1.815602e-01 7.952800e-04 -1.611289e+00 
7.962800e-04 1.836108e-01 7.962800e-04 -1.619558e+00 
7.972800e-04 1.855454e-01 7.972800e-04 -1.626788e+00 
7.982800e-04 1.873628e-01 7.982800e-04 -1.632975e+00 
7.992800e-04 1.890619e-01 7.992800e-04 -1.638114e+00 
8.002800e-04 1.906415e-01 8.002800e-04 -1.642203e+00 
8.012800e-04 1.921008e-01 8.012800e-04 -1.645238e+00 
8.022800e-04 1.934387e-01 8.022800e-04 -1.647218e+00 
8.032800e-04 1.946544e-01 8.032800e-04 -1.648141e+00 
8.042800e-04 1.957472e-01 8.042800e-04 -1.648006e+00 
8.052800e-04 1.967163e-01 8.052800e-04 -1.646814e+00 
8.062800e-04 1.975612e-01 8.062800e-04 -1.644565e+00 
8.072800e-04 1.982813e-01 8.072800e-04 -1.641261e+00 
8.082800e-04 1.988762e-01 8.082800e-04 -1.636904e+00 
8.092800e-04 1.993454e-01 8.092800e-04 -1.631498e+00 
8.102800e-04 1.996888e-01 8.102800e-04 -1.625044e+00 
8.112800e-04 1.999060e-01 8.112800e-04 -1.617549e+00 
8.122800e-04 1.999969e-01 8.122800e-04 -1.609017e+00 
8.132800e-04 1.999616e-01 8.132800e-04 -1.599453e+00 
8.142800e-04 1.997999e-01 8.142800e-04 -1.588864e+00 
8.152800e-04 1.995120e-01 8.152800e-04 -1.577257e+00 
8.162800e-04 1.990981e-01 8.162800e-04 -1.564640e+00 
8.172800e-04 1.985585e-01 8.172800e-04 -1.551021e+00 
8.182800e-04 1.978935e-01 8.182800e-04 -1.536409e+00 
8.192800e-04 1.971034e-01 8.192800e-04 -1.520814e+00 
8.202800e-04 1.961889e-01 8.202800e-04 -1.504247e+00 
8.212800e-04 1.951504e-01 8.212800e-04 -1.486717e+00 
8.222800e-04 1.939887e-01 8.222800e-04 -1.468238e+00 
8.232800e-04 1.927044e-01 8.232800e-04 -1.448820e+00 
8.242800e-04 1.912985e-01 8.242800e-04 -1.428478e+00 
8.252800e-04 1.897717e-01 8.252800e-04 -1.407225e+00 
8.262800e-04 1.881250e-01 8.262800e-04 -1.385074e+00 
8.272800e-04 1.863595e-01 8.272800e-04 -1.362041e+00 
8.282800e-04 1.844764e-01 8.282800e-04 -1.338141e+00 
8.292800e-04 1.824766e-01 8.292800e-04 -1.313390e+00 
8.302800e-04 1.803617e-01 8.302800e-04 -1.287804e+00 
8.312800e-04 1.781328e-01 8.312800e-04 -1.261401e+00 
8.322800e-04 1.757914e-01 8.322800e-04 -1.234197e+00 
8.332800e-04 1.733390e-01 8.332800e-04 -1.206212e+00 
8.342800e-04 1.707771e-01 8.342800e-04 -1.177463e+00 
8.352800e-04 1.681073e-01 8.352800e-04 -1.147970e+00 
8.362800e-04 1.653313e-01 8.362800e-04 -1.117753e+00 
8.372800e-04 1.624509e-01 8.372800e-04 -1.086831e+00 
8.382800e-04 1.594679e-01 8.382800e-04 -1.055226e+00 
8.392800e-04 1.563842e-01 8.392800e-04 -1.022957e+00 
8.402800e-04 1.532017e-01 8.402800e-04 -9.900479e-01 
8.412800e-04 1.499224e-01 8.412800e-04 -9.565191e-01 
8.422800e-04 1.465485e-01 8.422800e-04 -9.223933e-01 
8.432800e-04 1.430820e-01 8.432800e-04 -8.876934e-01 
8.442800e-04 1.395251e-01 8.442800e-04 -8.524423e-01 
8.452800e-04 1.358801e-01 8.452800e-04 -8.166636e-01 
8.462800e-04 1.321492e-01 8.462800e-04 -7.803810e-01 
8.472800e-04 1.283349e-01 8.472800e-04 -7.436189e-01 
8.482800e-04 1.244395e-01 8.482800e-04 -7.064015e-01 
8.492800e-04 1.204656e-01 8.492800e-04 -6.687538e-01 
8.502800e-04 1.164155e-01 8.502800e-04 -6.307008e-01 
8.512800e-04 1.122919e-01 8.512800e-04 -5.922677e-01 
8.522800e-04 1.080974e-01 8.522800e-04 -5.534803e-01 
8.532800e-04 1.038346e-01 8.532800e-04 -5.143642e-01 
8.542800e-04 9.950624e-02 8.542800e-04 -4.749455e-01 
8.552800e-04 9.511502e-02 8.552800e-04 -4.352503e-01 
8.562800e-04 9.066371e-02 8.562800e-04 -3.953051e-01 
8.572800e-04 8.615515e-02 8.572800e-04 -3.551364e-01 
8.582800e-04 8.159216e-02 8.582800e-04 -3.147709e-01 
8.592800e-04 7.697764e-02 8.592800e-04 -2.742352e-01 
8.602800e-04 7.231450e-02 8.602800e-04 -2.335563e-01 
8.612800e-04 6.760568e-02 8.612800e-04 -1.927611e-01 
8.622800e-04 6.285417e-02 8.622800e-04 -1.518767e-01 
8.632800e-04 5.806295e-02 8.632800e-04 -1.109300e-01 
8.642800e-04 5.323506e-02 8.642800e-04 -6.994801e-02 
8.652800e-04 4.837354e-02 8.652800e-04 -2.895789e-02 
8.662800e-04 4.348147e-02 8.662800e-04 1.201341e-02 
8.672800e-04 3.856194e-02 8.672800e-04 5.293893e-02 
8.682800e-04 3.361805e-02 8.682800e-04 9.379178e-02 
8.692800e-04 2.865292e-02 8.692800e-04 1.345452e-01 
8.702800e-04 2.366970e-02 8.702800e-04 1.751724e-01 
8.712800e-04 1.867153e-02 8.712800e-04 2.156470e-01 
8.722800e-04 1.366156e-02 8.722800e-04 2.559425e-01 
8.732800e-04 8.642971e-03 8.732800e-04 2.960327e-01 
8.742800e-04 3.618917e-03 8.742800e-04 3.358916e-01 
8.752800e-04 -1.407422e-03 8.752800e-04 3.754934e-01 
8.762800e-04 -6.432872e-03 8.762800e-04 4.148126e-01 
8.772800e-04 -1.145426e-02 8.772800e-04 4.538238e-01 
8.782800e-04 -1.646841e-02 8.782800e-04 4.925020e-01 
8.792800e-04 -2.147216e-02 8.792800e-04 5.308226e-01 
8.802800e-04 -2.646235e-02 8.802800e-04 5.687612e-01 
8.812800e-04 -3.143582e-02 8.812800e-04 6.062938e-01 
8.822800e-04 -3.638944e-02 8.822800e-04 6.433966e-01 
8.832800e-04 -4.132008e-02 8.832800e-04 6.800465e-01 
8.842800e-04 -4.622461e-02 8.842800e-04 7.162205e-01 
8.852800e-04 -5.109995e-02 8.852800e-04 7.518962e-01 
8.862800e-04 -5.594301e-02 8.862800e-04 7.870517e-01 
8.872800e-04 -6.075074e-02 8.872800e-04 8.216653e-01 
8.882800e-04 -6.552010e-02 8.882800e-04 8.557160e-01 
8.892800e-04 -7.024807e-02 8.892800e-04 8.891834e-01 
8.902800e-04 -7.493168e-02 8.902800e-04 9.220473e-01 
8.912800e-04 -7.956795e-02 8.912800e-04 9.542882e-01 
8.922800e-04 -8.415397e-02 8.922800e-04 9.858872e-01 
8.932800e-04 -8.868683e-02 8.932800e-04 1.016826e+00 
8.942800e-04 -9.316368e-02 8.942800e-04 1.047086e+00 
8.952800e-04 -9.758168e-02 8.952800e-04 1.076651e+00 
8.962800e-04 -1.019381e-01 8.962800e-04 1.105504e+00 
8.972800e-04 -1.062300e-01 8.972800e-04 1.133629e+00 
8.982800e-04 -1.104549e-01 8.982800e-04 1.161010e+00 
8.992800e-04 -1.146100e-01 8.992800e-04 1.187632e+00 
9.002800e-04 -1.186928e-01 9.002800e-04 1.213482e+00 
9.012800e-04 -1.227005e-01 9.012800e-04 1.238546e+00 
9.022800e-04 -1.266308e-01 9.022800e-04 1.262810e+00 
9.032800e-04 -1.304811e-01 9.032800e-04 1.286262e+00 
9.042800e-04 -1.342489e-01 9.042800e-04 1.308891e+00 
9.052800e-04 -1.379320e-01 9.052800e-04 1.330685e+00 
9.062800e-04 -1.415279e-01 9.062800e-04 1.351635e+00 
9.072800e-04 -1.450345e-01 9.072800e-04 1.371729e+00 
9.082800e-04 -1.484494e-01 9.082800e-04 1.390958e+00 
9.092800e-04 -1.517706e-01 9.092800e-04 1.409315e+00 
9.102800e-04 -1.549960e-01 9.102800e-04 1.426790e+00 
9.112800e-04 -1.581234e-01 9.112800e-04 1.443377e+00 
9.122800e-04 -1.611509e-01 9.122800e-04 1.459067e+00 
9.132800e-04 -1.640767e-01 9.132800e-04 1.473855e+00 
9.142800e-04 -1.668988e-01 9.142800e-04 1.487734e+00 
9.152800e-04 -1.696155e-01 9.152800e-04 1.500700e+00 
9.162800e-04 -1.722251e-01 9.162800e-04 1.512746e+00 
9.172800e-04 -1.747259e-01 9.172800e-04 1.523868e+00 
9.182800e-04 -1.771164e-01 9.182800e-04 1.534063e+00 
9.192800e-04 -1.793949e-01 9.192800e-04 1.543326e+00 
9.202800e-04 -1.815602e-01 9.202800e-04 1.551655e+00 
9.212800e-04 -1.836108e-01 9.212800e-04 1.559045e+00 
9.222800e-04 -1.855454e-01 9.222800e-04 1.565496e+00 
9.232800e-04 -1.873628e-01 9.232800e-04 1.571004e+00 
9.242800e-04 -1.890619e-01 9.242800e-04 1.575568e+00 
9.252800e-04 -1.906415e-01 9.252800e-04 1.579186e+00 
9.262800e-04 -1.921008e-01 9.262800e-04 1.581858e+00 
9.272800e-04 -1.934387e-01 9.272800e-04 1.583582e+00 
9.282800e-04 -1.946544e-01 9.282800e-04 1.584358e+00 
9.292800e-04 -1.957472e-01 9.292800e-04 1.584186e+00 
9.302800e-04 -1.967163e-01 9.302800e-04 1.583066e+00 
9.312800e-04 -1.975612e-01 9.312800e-04 1.580998e+00 
9.322800e-04 -1.982813e-01 9.322800e-04 1.577983e+00 
9.332800e-04 -1.988762e-01 9.332800e-04 1.574022e+00 
9.342800e-04 -1.993454e-01 9.342800e-04 1.569117e+00 
9.352800e-04 -1.996888e-01 9.352800e-04 1.563269e+00 
9.362800e-04 -1.999060e-01 9.362800e-04 1.556480e+00 
9.372800e-04 -1.999969e-01 9.372800e-04 1.548753e+00 
9.382800e-04 -1.999616e-01 9.382800e-04 1.540090e+00 
9.392800e-04 -1.997999e-01 9.392800e-04 1.530495e+00 
9.402800e-04 -1.995120e-01 9.402800e-04 1.519971e+00 
9.412800e-04 -1.990981e-01 9.412800e-04 1.508522e+00 
9.422800e-04 -1.985585e-01 9.422800e-04 1.496152e+00 
9.432800e-04 -1.978935e-01 9.432800e-04 1.482866e+00 
9.442800e-04 -1.971034e-01 9.442800e-04 1.468670e+00 
9.452800e-04 -1.961889e-01 9.452800e-04 1.453568e+00 
9.462800e-04 -1.951504e-01 9.462800e-04 1.437568e+00 
9.472800e-04 -1.939887e-01 9.472800e-04 1.420676e+00 
9.482800e-04 -1.927044e-01 9.482800e-04 1.402899e+00 
9.492800e-04 -1.912985e-01 9.492800e-04 1.384245e+00 
9.502800e-04 -1.897717e-01 9.502800e-04 1.364722e+00 
9.512800e-04 -1.881250e-01 9.512800e-04 1.344340e+00 
9.522800e-04 -1.863595e-01 9.522800e-04 1.323107e+00 
9.532800e-04 -1.844764e-01 9.532800e-04 1.301034e+00 
9.542800e-04 -1.824766e-01 9.542800e-04 1.278132e+00 
9.552800e-04 -1.803617e-01 9.552800e-04 1.254411e+00 
9.562800e-04 -1.781328e-01 9.562800e-04 1.229884e+00 
9.572800e-04 -1.757914e-01 9.572800e-04 1.204563e+00 
9.582800e-04 -1.733390e-01 9.582800e-04 1.178462e+00 
9.592800e-04 -1.707771e-01 9.592800e-04 1.151593e+00 
9.602800e-04 -1.681073e-01 9.602800e-04 1.123972e+00 
9.612800e-04 -1.653313e-01 9.612800e-04 1.095613e+00 
9.622800e-04 -1.624509e-01 9.622800e-04 1.066532e+00 
9.632800e-04 -1.594679e-01 9.632800e-04 1.036745e+00 
9.642800e-04 -1.563842e-01 9.642800e-04 1.006269e+00 
9.652800e-04 -1.532017e-01 9.652800e-04 9.751215e-01 
9.662800e-04 -1.499224e-01 9.662800e-04 9.433199e-01 
9.672800e-04 -1.465485e-01 9.672800e-04 9.108828e-01 
9.682800e-04 -1.430820e-01 9.682800e-04 8.778295e-01 
9.692800e-04 -1.395251e-01 9.692800e-04 8.441795e-01 
9.702800e-04 -1.358801e-01 9.702800e-04 8.099529e-01 
9.712800e-04 -1.321492e-01 9.712800e-04 7.751704e-01 
9.722800e-04 -1.283349e-01 9.722800e-04 7.398530e-01 
9.732800e-04 -1.244395e-01 9.732800e-04 7.040225e-01 
9.742800e-04 -1.204656e-01 9.742800e-04 6.677007e-01 
9.752800e-04 -1.164155e-01 9.752800e-04 6.309104e-01 
9.762800e-04 -1.122919e-01 9.762800e-04 5.936743e-01 
9.772800e-04 -1.080974e-01 9.772800e-04 5.560159e-01 
9.782800e-04 -1.038346e-01 9.782800e-04 5.179588e-01 
9.792800e-04 -9.950624e-02 9.792800e-04 4.795271e-01 
9.802800e-04 -9.511502e-02 9.802800e-04 4.407452e-01 
9.812800e-04 -9.066371e-02 9.812800e-04 4.016379e-01 
9.822800e-04 -8.615515e-02 9.822800e-04 3.622303e-01 
9.832800e-04 -8.159216e-02 9.832800e-04 3.225476e-01 
9.842800e-04 -7.697764e-02 9.842800e-04 2.826154e-01 
9.852800e-04 -7.231450e-02 9.852800e-04 2.424596e-01 
9.862800e-04 -6.760568e-02 9.862800e-04 2.021062e-01 
9.872800e-04 -6.285417e-02 9.872800e-04 1.615815e-01 
9.882800e-04 -5.806295e-02 9.882800e-04 1.209117e-01 
9.892800e-04 -5.323506e-02 9.892800e-04 8.012361e-02 
9.902800e-04 -4.837354e-02 9.902800e-04 3.924376e-02 
9.912800e-04 -4.348147e-02 9.912800e-04 -1.701002e-03 
9.922800e-04 -3.856194e-02 9.922800e-04 -4.268380e-02 
9.932800e-04 -3.361805e-02 9.932800e-04 -8.367769e-02 
9.942800e-04 -2.865292e-02 9.942800e-04 -1.246557e-01 
9.952800e-04 -2.366970e-02 9.952800e-04 -1.655907e-01 
9.962800e-04 -1.867153e-02 9.962800e-04 -2.064558e-01 
9.972800e-04 -1.366156e-02 9.972800e-04 -2.472240e-01 
9.982800e-04 -8.642971e-03 9.982800e-04 -2.878682e-01 
9.992800e-04 -3.618917e-03 9.992800e-04 -3.283616e-01 
1.000000e-03 -1.959435e-16 1.000000e-03 -3.574084e-01 
