0.000000e+00 0.000000e+00 0.000000e+00 -4.736842e-02 
1.000000e-10 1.000000e-02 1.000000e-10 -4.736842e-02 
2.000000e-10 2.000000e-02 2.000000e-10 -4.736842e-02 
4.000000e-10 4.000000e-02 4.000000e-10 -4.736842e-02 
8.000000e-10 8.000000e-02 8.000000e-10 -4.736842e-02 
1.600000e-09 1.600000e-01 1.600000e-09 -4.736842e-02 
3.200000e-09 3.200000e-01 3.200000e-09 -4.736842e-02 
6.400000e-09 6.400000e-01 6.400000e-09 -4.736842e-02 
1.000000e-08 1.000000e+00 1.000000e-08 -4.736842e-02 
1.033428e-08 1.000000e+00 1.033428e-08 -4.736842e-02 
1.100283e-08 1.000000e+00 1.100283e-08 -4.736842e-02 
1.233993e-08 1.000000e+00 1.233993e-08 -4.736842e-02 
1.501414e-08 1.000000e+00 1.501414e-08 -4.736842e-02 
2.036255e-08 1.000000e+00 2.036255e-08 -4.736842e-02 
3.105937e-08 1.000000e+00 3.105937e-08 -4.736842e-02 
5.245301e-08 1.000000e+00 5.245301e-08 -4.736842e-02 
9.524030e-08 1.000000e+00 9.524030e-08 -4.736841e-02 
1.808149e-07 1.000000e+00 1.808149e-07 -4.736808e-02 
3.415679e-07 1.000000e+00 3.415679e-07 -4.736171e-02 
5.654459e-07 1.000000e+00 5.654459e-07 -4.731132e-02 
9.288292e-07 1.000000e+00 9.288292e-07 -4.694255e-02 
1.463864e-06 1.000000e+00 1.463864e-06 -4.511124e-02 
2.363823e-06 1.000000e+00 2.363823e-06 -3.687096e-02 
3.383923e-06 1.000000e+00 3.383923e-06 -1.940129e-02 
5.128068e-06 1.000000e+00 5.128068e-06 2.343173e-02 
7.235140e-06 1.000000e+00 7.235140e-06 8.277429e-02 
1.026354e-05 1.000000e+00 1.026354e-05 1.621125e-01 
1.510661e-05 1.000000e+00 1.510661e-05 2.609198e-01 
2.320615e-05 1.000000e+00 2.320615e-05 3.643208e-01 
3.879096e-05 1.000000e+00 3.879096e-05 4.500633e-01 
5.442215e-05 1.000000e+00 5.442215e-05 4.717256e-01 
7.829503e-05 1.000000e+00 7.829503e-05 4.786227e-01 
1.081507e-04 1.000000e+00 1.081507e-04 4.789734e-01 
1.678620e-04 1.000000e+00 1.678620e-04 4.789350e-01 
2.500100e-04 1.000000e+00 2.500100e-04 4.789554e-01 
2.500110e-04 9.000000e-01 2.500110e-04 4.789554e-01 
2.500130e-04 7.000000e-01 2.500130e-04 4.789553e-01 
2.500170e-04 3.000000e-01 2.500170e-04 4.789553e-01 
2.500200e-04 0.000000e+00 2.500200e-04 4.789553e-01 
2.500208e-04 0.000000e+00 2.500208e-04 4.789553e-01 
2.500224e-04 0.000000e+00 2.500224e-04 4.789553e-01 
2.500256e-04 0.000000e+00 2.500256e-04 4.789553e-01 
2.500320e-04 0.000000e+00 2.500320e-04 4.789553e-01 
2.500448e-04 0.000000e+00 2.500448e-04 4.789553e-01 
2.500704e-04 0.000000e+00 2.500704e-04 4.789552e-01 
2.501216e-04 0.000000e+00 2.501216e-04 4.789551e-01 
2.502240e-04 0.000000e+00 2.502240e-04 4.789541e-01 
2.504288e-04 0.000000e+00 2.504288e-04 4.789375e-01 
2.508384e-04 0.000000e+00 2.508384e-04 4.786617e-01 
2.514992e-04 0.000000e+00 2.514992e-04 4.765104e-01 
2.521782e-04 0.000000e+00 2.521782e-04 4.708419e-01 
2.531072e-04 0.000000e+00 2.531072e-04 4.566387e-01 
2.543618e-04 0.000000e+00 2.543618e-04 4.283754e-01 
2.562371e-04 0.000000e+00 2.562371e-04 3.771587e-01 
2.580402e-04 0.000000e+00 2.580402e-04 3.266158e-01 
2.602287e-04 0.000000e+00 2.602287e-04 2.704754e-01 
2.627081e-04 0.000000e+00 2.627081e-04 2.158058e-01 
2.664117e-04 0.000000e+00 2.664117e-04 1.504832e-01 
2.712303e-04 0.000000e+00 2.712303e-04 8.876807e-02 
2.785784e-04 0.000000e+00 2.785784e-04 2.890977e-02 
2.870106e-04 0.000000e+00 2.870106e-04 -8.368311e-03 
2.952757e-04 0.000000e+00 2.952757e-04 -2.714141e-02 
3.027797e-04 0.000000e+00 3.027797e-04 -3.618161e-02 
3.122786e-04 0.000000e+00 3.122786e-04 -4.215568e-02 
3.254779e-04 0.000000e+00 3.254779e-04 -4.565941e-02 
3.434015e-04 0.000000e+00 3.434015e-04 -4.705178e-02 
3.678058e-04 0.000000e+00 3.678058e-04 -4.735794e-02 
4.044298e-04 0.000000e+00 4.044298e-04 -4.737018e-02 
4.697378e-04 0.000000e+00 4.697378e-04 -4.736766e-02 
5.697378e-04 0.000000e+00 5.697378e-04 -4.736886e-02 
6.697378e-04 0.000000e+00 6.697378e-04 -4.736816e-02 
7.697378e-04 0.000000e+00 7.697378e-04 -4.736857e-02 
8.697378e-04 0.000000e+00 8.697378e-04 -4.736833e-02 
9.697378e-04 0.000000e+00 9.697378e-04 -4.736847e-02 
1.069738e-03 0.000000e+00 1.069738e-03 -4.736839e-02 
1.169738e-03 0.000000e+00 1.169738e-03 -4.736844e-02 
1.269738e-03 0.000000e+00 1.269738e-03 -4.736841e-02 
1.369738e-03 0.000000e+00 1.369738e-03 -4.736843e-02 
1.469738e-03 0.000000e+00 1.469738e-03 -4.736842e-02 
1.569738e-03 0.000000e+00 1.569738e-03 -4.736842e-02 
1.669738e-03 0.000000e+00 1.669738e-03 -4.736842e-02 
1.769738e-03 0.000000e+00 1.769738e-03 -4.736842e-02 
1.869738e-03 0.000000e+00 1.869738e-03 -4.736842e-02 
1.969738e-03 0.000000e+00 1.969738e-03 -4.736842e-02 
2.069738e-03 0.000000e+00 2.069738e-03 -4.736842e-02 
2.169738e-03 0.000000e+00 2.169738e-03 -4.736842e-02 
2.269738e-03 0.000000e+00 2.269738e-03 -4.736842e-02 
2.369738e-03 0.000000e+00 2.369738e-03 -4.736842e-02 
2.469738e-03 0.000000e+00 2.469738e-03 -4.736842e-02 
2.569738e-03 0.000000e+00 2.569738e-03 -4.736842e-02 
2.669738e-03 0.000000e+00 2.669738e-03 -4.736842e-02 
2.769738e-03 0.000000e+00 2.769738e-03 -4.736842e-02 
2.869738e-03 0.000000e+00 2.869738e-03 -4.736842e-02 
2.969738e-03 0.000000e+00 2.969738e-03 -4.736842e-02 
3.069738e-03 0.000000e+00 3.069738e-03 -4.736842e-02 
3.169738e-03 0.000000e+00 3.169738e-03 -4.736842e-02 
3.269738e-03 0.000000e+00 3.269738e-03 -4.736842e-02 
3.369738e-03 0.000000e+00 3.369738e-03 -4.736842e-02 
3.469738e-03 0.000000e+00 3.469738e-03 -4.736842e-02 
3.569738e-03 0.000000e+00 3.569738e-03 -4.736842e-02 
3.669738e-03 0.000000e+00 3.669738e-03 -4.736842e-02 
3.769738e-03 0.000000e+00 3.769738e-03 -4.736842e-02 
3.869738e-03 0.000000e+00 3.869738e-03 -4.736842e-02 
3.969738e-03 0.000000e+00 3.969738e-03 -4.736842e-02 
4.069738e-03 0.000000e+00 4.069738e-03 -4.736842e-02 
4.169738e-03 0.000000e+00 4.169738e-03 -4.736842e-02 
4.269738e-03 0.000000e+00 4.269738e-03 -4.736842e-02 
4.369738e-03 0.000000e+00 4.369738e-03 -4.736842e-02 
4.469738e-03 0.000000e+00 4.469738e-03 -4.736842e-02 
4.569738e-03 0.000000e+00 4.569738e-03 -4.736842e-02 
4.669738e-03 0.000000e+00 4.669738e-03 -4.736842e-02 
4.769738e-03 0.000000e+00 4.769738e-03 -4.736842e-02 
4.869738e-03 0.000000e+00 4.869738e-03 -4.736842e-02 
4.969738e-03 0.000000e+00 4.969738e-03 -4.736842e-02 
5.000000e-03 0.000000e+00 5.000000e-03 -4.736842e-02 
5.000001e-03 1.000000e-01 5.000001e-03 -4.736842e-02 
5.000003e-03 3.000000e-01 5.000003e-03 -4.736842e-02 
5.000007e-03 7.000000e-01 5.000007e-03 -4.736842e-02 
5.000010e-03 1.000000e+00 5.000010e-03 -4.736842e-02 
5.000010e-03 1.000000e+00 5.000010e-03 -4.736842e-02 
5.000011e-03 1.000000e+00 5.000011e-03 -4.736842e-02 
5.000012e-03 1.000000e+00 5.000012e-03 -4.736842e-02 
5.000015e-03 1.000000e+00 5.000015e-03 -4.736842e-02 
5.000021e-03 1.000000e+00 5.000021e-03 -4.736842e-02 
5.000032e-03 1.000000e+00 5.000032e-03 -4.736842e-02 
5.000054e-03 1.000000e+00 5.000054e-03 -4.736842e-02 
5.000098e-03 1.000000e+00 5.000098e-03 -4.736840e-02 
5.000187e-03 1.000000e+00 5.000187e-03 -4.736801e-02 
5.000351e-03 1.000000e+00 5.000351e-03 -4.736091e-02 
5.000578e-03 1.000000e+00 5.000578e-03 -4.730588e-02 
5.000949e-03 1.000000e+00 5.000949e-03 -4.690595e-02 
5.001495e-03 1.000000e+00 5.001495e-03 -4.494128e-02 
5.002408e-03 1.000000e+00 5.002408e-03 -3.628355e-02 
5.003437e-03 1.000000e+00 5.003437e-03 -1.828350e-02 
5.005232e-03 1.000000e+00 5.005232e-03 2.625851e-02 
5.007385e-03 1.000000e+00 5.007385e-03 8.693989e-02 
5.010499e-03 1.000000e+00 5.010499e-03 1.677331e-01 
5.015493e-03 1.000000e+00 5.015493e-03 2.674144e-01 
5.023871e-03 1.000000e+00 5.023871e-03 3.703411e-01 
5.040221e-03 1.000000e+00 5.040221e-03 4.540303e-01 
5.055842e-03 1.000000e+00 5.055842e-03 4.727118e-01 
5.080615e-03 1.000000e+00 5.080615e-03 4.787815e-01 
5.111094e-03 1.000000e+00 5.111094e-03 4.789644e-01 
5.172053e-03 1.000000e+00 5.172053e-03 4.789384e-01 
5.250010e-03 1.000000e+00 5.250010e-03 4.789535e-01 
5.250011e-03 9.000000e-01 5.250011e-03 4.789535e-01 
5.250013e-03 7.000000e-01 5.250013e-03 4.789535e-01 
5.250017e-03 3.000000e-01 5.250017e-03 4.789535e-01 
5.250020e-03 0.000000e+00 5.250020e-03 4.789535e-01 
5.250021e-03 0.000000e+00 5.250021e-03 4.789535e-01 
5.250022e-03 0.000000e+00 5.250022e-03 4.789535e-01 
5.250026e-03 0.000000e+00 5.250026e-03 4.789535e-01 
5.250032e-03 0.000000e+00 5.250032e-03 4.789534e-01 
5.250045e-03 0.000000e+00 5.250045e-03 4.789534e-01 
5.250070e-03 0.000000e+00 5.250070e-03 4.789534e-01 
5.250122e-03 0.000000e+00 5.250122e-03 4.789532e-01 
5.250224e-03 0.000000e+00 5.250224e-03 4.789523e-01 
5.250429e-03 0.000000e+00 5.250429e-03 4.789357e-01 
5.250838e-03 0.000000e+00 5.250838e-03 4.786599e-01 
5.251499e-03 0.000000e+00 5.251499e-03 4.765088e-01 
5.252178e-03 0.000000e+00 5.252178e-03 4.708403e-01 
5.253107e-03 0.000000e+00 5.253107e-03 4.566373e-01 
5.254362e-03 0.000000e+00 5.254362e-03 4.283741e-01 
5.256237e-03 0.000000e+00 5.256237e-03 3.771576e-01 
5.258040e-03 0.000000e+00 5.258040e-03 3.266149e-01 
5.260229e-03 0.000000e+00 5.260229e-03 2.704747e-01 
5.262708e-03 0.000000e+00 5.262708e-03 2.158053e-01 
5.266412e-03 0.000000e+00 5.266412e-03 1.504830e-01 
5.271230e-03 0.000000e+00 5.271230e-03 8.876799e-02 
5.278578e-03 0.000000e+00 5.278578e-03 2.890982e-02 
5.287011e-03 0.000000e+00 5.287011e-03 -8.368266e-03 
5.295276e-03 0.000000e+00 5.295276e-03 -2.714139e-02 
5.302780e-03 0.000000e+00 5.302780e-03 -3.618160e-02 
5.312279e-03 0.000000e+00 5.312279e-03 -4.215567e-02 
5.325478e-03 0.000000e+00 5.325478e-03 -4.565941e-02 
5.343401e-03 0.000000e+00 5.343401e-03 -4.705178e-02 
5.367806e-03 0.000000e+00 5.367806e-03 -4.735794e-02 
5.404430e-03 0.000000e+00 5.404430e-03 -4.737018e-02 
5.469738e-03 0.000000e+00 5.469738e-03 -4.736766e-02 
5.569738e-03 0.000000e+00 5.569738e-03 -4.736886e-02 
5.669738e-03 0.000000e+00 5.669738e-03 -4.736816e-02 
5.769738e-03 0.000000e+00 5.769738e-03 -4.736857e-02 
5.869738e-03 0.000000e+00 5.869738e-03 -4.736833e-02 
5.969738e-03 0.000000e+00 5.969738e-03 -4.736847e-02 
6.069738e-03 0.000000e+00 6.069738e-03 -4.736839e-02 
6.169738e-03 0.000000e+00 6.169738e-03 -4.736844e-02 
6.269738e-03 0.000000e+00 6.269738e-03 -4.736841e-02 
6.369738e-03 0.000000e+00 6.369738e-03 -4.736843e-02 
6.469738e-03 0.000000e+00 6.469738e-03 -4.736842e-02 
6.569738e-03 0.000000e+00 6.569738e-03 -4.736842e-02 
6.669738e-03 0.000000e+00 6.669738e-03 -4.736842e-02 
6.769738e-03 0.000000e+00 6.769738e-03 -4.736842e-02 
6.869738e-03 0.000000e+00 6.869738e-03 -4.736842e-02 
6.969738e-03 0.000000e+00 6.969738e-03 -4.736842e-02 
7.069738e-03 0.000000e+00 7.069738e-03 -4.736842e-02 
7.169738e-03 0.000000e+00 7.169738e-03 -4.736842e-02 
7.269738e-03 0.000000e+00 7.269738e-03 -4.736842e-02 
7.369738e-03 0.000000e+00 7.369738e-03 -4.736842e-02 
7.469738e-03 0.000000e+00 7.469738e-03 -4.736842e-02 
7.569738e-03 0.000000e+00 7.569738e-03 -4.736842e-02 
7.669738e-03 0.000000e+00 7.669738e-03 -4.736842e-02 
7.769738e-03 0.000000e+00 7.769738e-03 -4.736842e-02 
7.869738e-03 0.000000e+00 7.869738e-03 -4.736842e-02 
7.969738e-03 0.000000e+00 7.969738e-03 -4.736842e-02 
8.069738e-03 0.000000e+00 8.069738e-03 -4.736842e-02 
8.169738e-03 0.000000e+00 8.169738e-03 -4.736842e-02 
8.269738e-03 0.000000e+00 8.269738e-03 -4.736842e-02 
8.369738e-03 0.000000e+00 8.369738e-03 -4.736842e-02 
8.469738e-03 0.000000e+00 8.469738e-03 -4.736842e-02 
8.569738e-03 0.000000e+00 8.569738e-03 -4.736842e-02 
8.669738e-03 0.000000e+00 8.669738e-03 -4.736842e-02 
8.769738e-03 0.000000e+00 8.769738e-03 -4.736842e-02 
8.869738e-03 0.000000e+00 8.869738e-03 -4.736842e-02 
8.969738e-03 0.000000e+00 8.969738e-03 -4.736842e-02 
9.069738e-03 0.000000e+00 9.069738e-03 -4.736842e-02 
9.169738e-03 0.000000e+00 9.169738e-03 -4.736842e-02 
9.269738e-03 0.000000e+00 9.269738e-03 -4.736842e-02 
9.369738e-03 0.000000e+00 9.369738e-03 -4.736842e-02 
9.469738e-03 0.000000e+00 9.469738e-03 -4.736842e-02 
9.569738e-03 0.000000e+00 9.569738e-03 -4.736842e-02 
9.669738e-03 0.000000e+00 9.669738e-03 -4.736842e-02 
9.769738e-03 0.000000e+00 9.769738e-03 -4.736842e-02 
9.869738e-03 0.000000e+00 9.869738e-03 -4.736842e-02 
9.969738e-03 0.000000e+00 9.969738e-03 -4.736842e-02 
1.000000e-02 0.000000e+00 1.000000e-02 -4.736842e-02 
1.000000e-02 1.000000e-01 1.000000e-02 -4.736842e-02 
1.000000e-02 3.000000e-01 1.000000e-02 -4.736842e-02 
1.000001e-02 7.000000e-01 1.000001e-02 -4.736842e-02 
1.000001e-02 1.000000e+00 1.000001e-02 -4.736842e-02 
1.000001e-02 1.000000e+00 1.000001e-02 -4.736842e-02 
1.000001e-02 1.000000e+00 1.000001e-02 -4.736842e-02 
1.000001e-02 1.000000e+00 1.000001e-02 -4.736842e-02 
1.000002e-02 1.000000e+00 1.000002e-02 -4.736842e-02 
1.000002e-02 1.000000e+00 1.000002e-02 -4.736842e-02 
1.000003e-02 1.000000e+00 1.000003e-02 -4.736842e-02 
1.000005e-02 1.000000e+00 1.000005e-02 -4.736842e-02 
1.000010e-02 1.000000e+00 1.000010e-02 -4.736840e-02 
1.000019e-02 1.000000e+00 1.000019e-02 -4.736801e-02 
1.000035e-02 1.000000e+00 1.000035e-02 -4.736091e-02 
1.000058e-02 1.000000e+00 1.000058e-02 -4.730588e-02 
1.000095e-02 1.000000e+00 1.000095e-02 -4.690595e-02 
1.000149e-02 1.000000e+00 1.000149e-02 -4.494128e-02 
1.000241e-02 1.000000e+00 1.000241e-02 -3.628355e-02 
1.000344e-02 1.000000e+00 1.000344e-02 -1.828350e-02 
1.000523e-02 1.000000e+00 1.000523e-02 2.625851e-02 
1.000738e-02 1.000000e+00 1.000738e-02 8.693989e-02 
1.001050e-02 1.000000e+00 1.001050e-02 1.677331e-01 
1.001549e-02 1.000000e+00 1.001549e-02 2.674144e-01 
1.002387e-02 1.000000e+00 1.002387e-02 3.703411e-01 
1.004022e-02 1.000000e+00 1.004022e-02 4.540303e-01 
1.005584e-02 1.000000e+00 1.005584e-02 4.727118e-01 
1.008061e-02 1.000000e+00 1.008061e-02 4.787815e-01 
1.011109e-02 1.000000e+00 1.011109e-02 4.789644e-01 
1.017205e-02 1.000000e+00 1.017205e-02 4.789384e-01 
1.025001e-02 1.000000e+00 1.025001e-02 4.789535e-01 
1.025001e-02 9.000000e-01 1.025001e-02 4.789535e-01 
1.025001e-02 7.000000e-01 1.025001e-02 4.789535e-01 
1.025002e-02 3.000000e-01 1.025002e-02 4.789535e-01 
1.025002e-02 0.000000e+00 1.025002e-02 4.789535e-01 
1.025002e-02 0.000000e+00 1.025002e-02 4.789535e-01 
1.025002e-02 0.000000e+00 1.025002e-02 4.789535e-01 
1.025003e-02 0.000000e+00 1.025003e-02 4.789535e-01 
1.025003e-02 0.000000e+00 1.025003e-02 4.789534e-01 
1.025004e-02 0.000000e+00 1.025004e-02 4.789534e-01 
1.025007e-02 0.000000e+00 1.025007e-02 4.789534e-01 
1.025012e-02 0.000000e+00 1.025012e-02 4.789532e-01 
1.025022e-02 0.000000e+00 1.025022e-02 4.789523e-01 
1.025043e-02 0.000000e+00 1.025043e-02 4.789357e-01 
1.025084e-02 0.000000e+00 1.025084e-02 4.786599e-01 
1.025150e-02 0.000000e+00 1.025150e-02 4.765088e-01 
1.025218e-02 0.000000e+00 1.025218e-02 4.708403e-01 
1.025311e-02 0.000000e+00 1.025311e-02 4.566373e-01 
1.025436e-02 0.000000e+00 1.025436e-02 4.283741e-01 
1.025624e-02 0.000000e+00 1.025624e-02 3.771576e-01 
1.025804e-02 0.000000e+00 1.025804e-02 3.266149e-01 
1.026023e-02 0.000000e+00 1.026023e-02 2.704747e-01 
1.026271e-02 0.000000e+00 1.026271e-02 2.158053e-01 
1.026641e-02 0.000000e+00 1.026641e-02 1.504830e-01 
1.027123e-02 0.000000e+00 1.027123e-02 8.876799e-02 
1.027858e-02 0.000000e+00 1.027858e-02 2.890982e-02 
1.028701e-02 0.000000e+00 1.028701e-02 -8.368266e-03 
1.029528e-02 0.000000e+00 1.029528e-02 -2.714139e-02 
1.030278e-02 0.000000e+00 1.030278e-02 -3.618160e-02 
1.031228e-02 0.000000e+00 1.031228e-02 -4.215567e-02 
1.032548e-02 0.000000e+00 1.032548e-02 -4.565941e-02 
1.034340e-02 0.000000e+00 1.034340e-02 -4.705178e-02 
1.036781e-02 0.000000e+00 1.036781e-02 -4.735794e-02 
1.040443e-02 0.000000e+00 1.040443e-02 -4.737018e-02 
1.046974e-02 0.000000e+00 1.046974e-02 -4.736766e-02 
1.056974e-02 0.000000e+00 1.056974e-02 -4.736886e-02 
1.066974e-02 0.000000e+00 1.066974e-02 -4.736816e-02 
1.076974e-02 0.000000e+00 1.076974e-02 -4.736857e-02 
1.086974e-02 0.000000e+00 1.086974e-02 -4.736833e-02 
1.096974e-02 0.000000e+00 1.096974e-02 -4.736847e-02 
1.106974e-02 0.000000e+00 1.106974e-02 -4.736839e-02 
1.116974e-02 0.000000e+00 1.116974e-02 -4.736844e-02 
1.126974e-02 0.000000e+00 1.126974e-02 -4.736841e-02 
1.136974e-02 0.000000e+00 1.136974e-02 -4.736843e-02 
1.146974e-02 0.000000e+00 1.146974e-02 -4.736842e-02 
1.156974e-02 0.000000e+00 1.156974e-02 -4.736842e-02 
1.166974e-02 0.000000e+00 1.166974e-02 -4.736842e-02 
1.176974e-02 0.000000e+00 1.176974e-02 -4.736842e-02 
1.186974e-02 0.000000e+00 1.186974e-02 -4.736842e-02 
1.196974e-02 0.000000e+00 1.196974e-02 -4.736842e-02 
1.206974e-02 0.000000e+00 1.206974e-02 -4.736842e-02 
1.216974e-02 0.000000e+00 1.216974e-02 -4.736842e-02 
1.226974e-02 0.000000e+00 1.226974e-02 -4.736842e-02 
1.236974e-02 0.000000e+00 1.236974e-02 -4.736842e-02 
1.246974e-02 0.000000e+00 1.246974e-02 -4.736842e-02 
1.256974e-02 0.000000e+00 1.256974e-02 -4.736842e-02 
1.266974e-02 0.000000e+00 1.266974e-02 -4.736842e-02 
1.276974e-02 0.000000e+00 1.276974e-02 -4.736842e-02 
1.286974e-02 0.000000e+00 1.286974e-02 -4.736842e-02 
1.296974e-02 0.000000e+00 1.296974e-02 -4.736842e-02 
1.306974e-02 0.000000e+00 1.306974e-02 -4.736842e-02 
1.316974e-02 0.000000e+00 1.316974e-02 -4.736842e-02 
1.326974e-02 0.000000e+00 1.326974e-02 -4.736842e-02 
1.336974e-02 0.000000e+00 1.336974e-02 -4.736842e-02 
1.346974e-02 0.000000e+00 1.346974e-02 -4.736842e-02 
1.356974e-02 0.000000e+00 1.356974e-02 -4.736842e-02 
1.366974e-02 0.000000e+00 1.366974e-02 -4.736842e-02 
1.376974e-02 0.000000e+00 1.376974e-02 -4.736842e-02 
1.386974e-02 0.000000e+00 1.386974e-02 -4.736842e-02 
1.396974e-02 0.000000e+00 1.396974e-02 -4.736842e-02 
1.406974e-02 0.000000e+00 1.406974e-02 -4.736842e-02 
1.416974e-02 0.000000e+00 1.416974e-02 -4.736842e-02 
1.426974e-02 0.000000e+00 1.426974e-02 -4.736842e-02 
1.436974e-02 0.000000e+00 1.436974e-02 -4.736842e-02 
1.446974e-02 0.000000e+00 1.446974e-02 -4.736842e-02 
1.456974e-02 0.000000e+00 1.456974e-02 -4.736842e-02 
1.466974e-02 0.000000e+00 1.466974e-02 -4.736842e-02 
1.476974e-02 0.000000e+00 1.476974e-02 -4.736842e-02 
1.486974e-02 0.000000e+00 1.486974e-02 -4.736842e-02 
1.496974e-02 0.000000e+00 1.496974e-02 -4.736842e-02 
1.500000e-02 0.000000e+00 1.500000e-02 -4.736842e-02 
1.500000e-02 1.000000e-01 1.500000e-02 -4.736842e-02 
1.500000e-02 3.000000e-01 1.500000e-02 -4.736842e-02 
1.500001e-02 7.000000e-01 1.500001e-02 -4.736842e-02 
1.500001e-02 1.000000e+00 1.500001e-02 -4.736842e-02 
1.500001e-02 1.000000e+00 1.500001e-02 -4.736842e-02 
1.500001e-02 1.000000e+00 1.500001e-02 -4.736842e-02 
1.500001e-02 1.000000e+00 1.500001e-02 -4.736842e-02 
1.500002e-02 1.000000e+00 1.500002e-02 -4.736842e-02 
1.500002e-02 1.000000e+00 1.500002e-02 -4.736842e-02 
1.500003e-02 1.000000e+00 1.500003e-02 -4.736842e-02 
1.500005e-02 1.000000e+00 1.500005e-02 -4.736842e-02 
1.500010e-02 1.000000e+00 1.500010e-02 -4.736840e-02 
1.500019e-02 1.000000e+00 1.500019e-02 -4.736801e-02 
1.500035e-02 1.000000e+00 1.500035e-02 -4.736091e-02 
1.500058e-02 1.000000e+00 1.500058e-02 -4.730588e-02 
1.500095e-02 1.000000e+00 1.500095e-02 -4.690595e-02 
1.500149e-02 1.000000e+00 1.500149e-02 -4.494128e-02 
1.500241e-02 1.000000e+00 1.500241e-02 -3.628355e-02 
1.500344e-02 1.000000e+00 1.500344e-02 -1.828350e-02 
1.500523e-02 1.000000e+00 1.500523e-02 2.625851e-02 
1.500738e-02 1.000000e+00 1.500738e-02 8.693989e-02 
1.501050e-02 1.000000e+00 1.501050e-02 1.677331e-01 
1.501549e-02 1.000000e+00 1.501549e-02 2.674144e-01 
1.502387e-02 1.000000e+00 1.502387e-02 3.703411e-01 
1.504022e-02 1.000000e+00 1.504022e-02 4.540303e-01 
1.505584e-02 1.000000e+00 1.505584e-02 4.727118e-01 
1.508061e-02 1.000000e+00 1.508061e-02 4.787815e-01 
1.511109e-02 1.000000e+00 1.511109e-02 4.789644e-01 
1.517205e-02 1.000000e+00 1.517205e-02 4.789384e-01 
1.525001e-02 1.000000e+00 1.525001e-02 4.789535e-01 
1.525001e-02 9.000000e-01 1.525001e-02 4.789535e-01 
1.525001e-02 7.000000e-01 1.525001e-02 4.789535e-01 
1.525002e-02 3.000000e-01 1.525002e-02 4.789535e-01 
1.525002e-02 0.000000e+00 1.525002e-02 4.789535e-01 
1.525002e-02 0.000000e+00 1.525002e-02 4.789535e-01 
1.525002e-02 0.000000e+00 1.525002e-02 4.789535e-01 
1.525003e-02 0.000000e+00 1.525003e-02 4.789535e-01 
1.525003e-02 0.000000e+00 1.525003e-02 4.789534e-01 
1.525004e-02 0.000000e+00 1.525004e-02 4.789534e-01 
1.525007e-02 0.000000e+00 1.525007e-02 4.789534e-01 
1.525012e-02 0.000000e+00 1.525012e-02 4.789532e-01 
1.525022e-02 0.000000e+00 1.525022e-02 4.789523e-01 
1.525043e-02 0.000000e+00 1.525043e-02 4.789357e-01 
1.525084e-02 0.000000e+00 1.525084e-02 4.786599e-01 
1.525150e-02 0.000000e+00 1.525150e-02 4.765088e-01 
1.525218e-02 0.000000e+00 1.525218e-02 4.708403e-01 
1.525311e-02 0.000000e+00 1.525311e-02 4.566373e-01 
1.525436e-02 0.000000e+00 1.525436e-02 4.283741e-01 
1.525624e-02 0.000000e+00 1.525624e-02 3.771576e-01 
1.525804e-02 0.000000e+00 1.525804e-02 3.266149e-01 
1.526023e-02 0.000000e+00 1.526023e-02 2.704747e-01 
1.526271e-02 0.000000e+00 1.526271e-02 2.158053e-01 
1.526641e-02 0.000000e+00 1.526641e-02 1.504830e-01 
1.527123e-02 0.000000e+00 1.527123e-02 8.876799e-02 
1.527858e-02 0.000000e+00 1.527858e-02 2.890982e-02 
1.528701e-02 0.000000e+00 1.528701e-02 -8.368266e-03 
1.529528e-02 0.000000e+00 1.529528e-02 -2.714139e-02 
1.530278e-02 0.000000e+00 1.530278e-02 -3.618160e-02 
1.531228e-02 0.000000e+00 1.531228e-02 -4.215567e-02 
1.532548e-02 0.000000e+00 1.532548e-02 -4.565941e-02 
1.534340e-02 0.000000e+00 1.534340e-02 -4.705178e-02 
1.536781e-02 0.000000e+00 1.536781e-02 -4.735794e-02 
1.540443e-02 0.000000e+00 1.540443e-02 -4.737018e-02 
1.546974e-02 0.000000e+00 1.546974e-02 -4.736766e-02 
1.556974e-02 0.000000e+00 1.556974e-02 -4.736886e-02 
1.566974e-02 0.000000e+00 1.566974e-02 -4.736816e-02 
1.576974e-02 0.000000e+00 1.576974e-02 -4.736857e-02 
1.586974e-02 0.000000e+00 1.586974e-02 -4.736833e-02 
1.596974e-02 0.000000e+00 1.596974e-02 -4.736847e-02 
1.606974e-02 0.000000e+00 1.606974e-02 -4.736839e-02 
1.616974e-02 0.000000e+00 1.616974e-02 -4.736844e-02 
1.626974e-02 0.000000e+00 1.626974e-02 -4.736841e-02 
1.636974e-02 0.000000e+00 1.636974e-02 -4.736843e-02 
1.646974e-02 0.000000e+00 1.646974e-02 -4.736842e-02 
1.656974e-02 0.000000e+00 1.656974e-02 -4.736842e-02 
1.666974e-02 0.000000e+00 1.666974e-02 -4.736842e-02 
1.676974e-02 0.000000e+00 1.676974e-02 -4.736842e-02 
1.686974e-02 0.000000e+00 1.686974e-02 -4.736842e-02 
1.696974e-02 0.000000e+00 1.696974e-02 -4.736842e-02 
1.706974e-02 0.000000e+00 1.706974e-02 -4.736842e-02 
1.716974e-02 0.000000e+00 1.716974e-02 -4.736842e-02 
1.726974e-02 0.000000e+00 1.726974e-02 -4.736842e-02 
1.736974e-02 0.000000e+00 1.736974e-02 -4.736842e-02 
1.746974e-02 0.000000e+00 1.746974e-02 -4.736842e-02 
1.756974e-02 0.000000e+00 1.756974e-02 -4.736842e-02 
1.766974e-02 0.000000e+00 1.766974e-02 -4.736842e-02 
1.776974e-02 0.000000e+00 1.776974e-02 -4.736842e-02 
1.786974e-02 0.000000e+00 1.786974e-02 -4.736842e-02 
1.796974e-02 0.000000e+00 1.796974e-02 -4.736842e-02 
1.806974e-02 0.000000e+00 1.806974e-02 -4.736842e-02 
1.816974e-02 0.000000e+00 1.816974e-02 -4.736842e-02 
1.826974e-02 0.000000e+00 1.826974e-02 -4.736842e-02 
1.836974e-02 0.000000e+00 1.836974e-02 -4.736842e-02 
1.846974e-02 0.000000e+00 1.846974e-02 -4.736842e-02 
1.856974e-02 0.000000e+00 1.856974e-02 -4.736842e-02 
1.866974e-02 0.000000e+00 1.866974e-02 -4.736842e-02 
1.876974e-02 0.000000e+00 1.876974e-02 -4.736842e-02 
1.886974e-02 0.000000e+00 1.886974e-02 -4.736842e-02 
1.896974e-02 0.000000e+00 1.896974e-02 -4.736842e-02 
1.906974e-02 0.000000e+00 1.906974e-02 -4.736842e-02 
1.916974e-02 0.000000e+00 1.916974e-02 -4.736842e-02 
1.926974e-02 0.000000e+00 1.926974e-02 -4.736842e-02 
1.936974e-02 0.000000e+00 1.936974e-02 -4.736842e-02 
1.946974e-02 0.000000e+00 1.946974e-02 -4.736842e-02 
1.956974e-02 0.000000e+00 1.956974e-02 -4.736842e-02 
1.966974e-02 0.000000e+00 1.966974e-02 -4.736842e-02 
1.976974e-02 0.000000e+00 1.976974e-02 -4.736842e-02 
1.986974e-02 0.000000e+00 1.986974e-02 -4.736842e-02 
1.996974e-02 0.000000e+00 1.996974e-02 -4.736842e-02 
2.000000e-02 0.000000e+00 2.000000e-02 -4.736842e-02 
2.000000e-02 1.000000e-01 2.000000e-02 -4.736842e-02 
2.000000e-02 3.000000e-01 2.000000e-02 -4.736842e-02 
2.000001e-02 7.000000e-01 2.000001e-02 -4.736842e-02 
2.000001e-02 1.000000e+00 2.000001e-02 -4.736842e-02 
2.000001e-02 1.000000e+00 2.000001e-02 -4.736842e-02 
2.000001e-02 1.000000e+00 2.000001e-02 -4.736842e-02 
2.000001e-02 1.000000e+00 2.000001e-02 -4.736842e-02 
2.000002e-02 1.000000e+00 2.000002e-02 -4.736842e-02 
2.000002e-02 1.000000e+00 2.000002e-02 -4.736842e-02 
2.000003e-02 1.000000e+00 2.000003e-02 -4.736842e-02 
2.000005e-02 1.000000e+00 2.000005e-02 -4.736842e-02 
2.000010e-02 1.000000e+00 2.000010e-02 -4.736840e-02 
2.000019e-02 1.000000e+00 2.000019e-02 -4.736801e-02 
2.000035e-02 1.000000e+00 2.000035e-02 -4.736091e-02 
2.000058e-02 1.000000e+00 2.000058e-02 -4.730588e-02 
2.000095e-02 1.000000e+00 2.000095e-02 -4.690595e-02 
2.000149e-02 1.000000e+00 2.000149e-02 -4.494128e-02 
2.000241e-02 1.000000e+00 2.000241e-02 -3.628355e-02 
2.000344e-02 1.000000e+00 2.000344e-02 -1.828350e-02 
2.000523e-02 1.000000e+00 2.000523e-02 2.625851e-02 
2.000738e-02 1.000000e+00 2.000738e-02 8.693989e-02 
2.001050e-02 1.000000e+00 2.001050e-02 1.677331e-01 
2.001549e-02 1.000000e+00 2.001549e-02 2.674144e-01 
2.002387e-02 1.000000e+00 2.002387e-02 3.703411e-01 
2.004022e-02 1.000000e+00 2.004022e-02 4.540303e-01 
2.005584e-02 1.000000e+00 2.005584e-02 4.727118e-01 
2.008061e-02 1.000000e+00 2.008061e-02 4.787815e-01 
2.011109e-02 1.000000e+00 2.011109e-02 4.789644e-01 
2.017205e-02 1.000000e+00 2.017205e-02 4.789384e-01 
2.025001e-02 1.000000e+00 2.025001e-02 4.789535e-01 
2.025001e-02 9.000000e-01 2.025001e-02 4.789535e-01 
2.025001e-02 7.000000e-01 2.025001e-02 4.789535e-01 
2.025002e-02 3.000000e-01 2.025002e-02 4.789535e-01 
2.025002e-02 0.000000e+00 2.025002e-02 4.789535e-01 
2.025002e-02 0.000000e+00 2.025002e-02 4.789535e-01 
2.025002e-02 0.000000e+00 2.025002e-02 4.789535e-01 
2.025003e-02 0.000000e+00 2.025003e-02 4.789535e-01 
2.025003e-02 0.000000e+00 2.025003e-02 4.789534e-01 
2.025004e-02 0.000000e+00 2.025004e-02 4.789534e-01 
2.025007e-02 0.000000e+00 2.025007e-02 4.789534e-01 
2.025012e-02 0.000000e+00 2.025012e-02 4.789532e-01 
2.025022e-02 0.000000e+00 2.025022e-02 4.789523e-01 
2.025043e-02 0.000000e+00 2.025043e-02 4.789357e-01 
2.025084e-02 0.000000e+00 2.025084e-02 4.786599e-01 
2.025150e-02 0.000000e+00 2.025150e-02 4.765088e-01 
2.025218e-02 0.000000e+00 2.025218e-02 4.708403e-01 
2.025311e-02 0.000000e+00 2.025311e-02 4.566373e-01 
2.025436e-02 0.000000e+00 2.025436e-02 4.283741e-01 
2.025624e-02 0.000000e+00 2.025624e-02 3.771576e-01 
2.025804e-02 0.000000e+00 2.025804e-02 3.266149e-01 
2.026023e-02 0.000000e+00 2.026023e-02 2.704747e-01 
2.026271e-02 0.000000e+00 2.026271e-02 2.158053e-01 
2.026641e-02 0.000000e+00 2.026641e-02 1.504830e-01 
2.027123e-02 0.000000e+00 2.027123e-02 8.876799e-02 
2.027858e-02 0.000000e+00 2.027858e-02 2.890982e-02 
2.028701e-02 0.000000e+00 2.028701e-02 -8.368266e-03 
2.029528e-02 0.000000e+00 2.029528e-02 -2.714139e-02 
2.030278e-02 0.000000e+00 2.030278e-02 -3.618160e-02 
2.031228e-02 0.000000e+00 2.031228e-02 -4.215567e-02 
2.032548e-02 0.000000e+00 2.032548e-02 -4.565941e-02 
2.034340e-02 0.000000e+00 2.034340e-02 -4.705178e-02 
2.036781e-02 0.000000e+00 2.036781e-02 -4.735794e-02 
2.040443e-02 0.000000e+00 2.040443e-02 -4.737018e-02 
2.046974e-02 0.000000e+00 2.046974e-02 -4.736766e-02 
2.056974e-02 0.000000e+00 2.056974e-02 -4.736886e-02 
2.066974e-02 0.000000e+00 2.066974e-02 -4.736816e-02 
2.076974e-02 0.000000e+00 2.076974e-02 -4.736857e-02 
2.086974e-02 0.000000e+00 2.086974e-02 -4.736833e-02 
2.096974e-02 0.000000e+00 2.096974e-02 -4.736847e-02 
2.106974e-02 0.000000e+00 2.106974e-02 -4.736839e-02 
2.116974e-02 0.000000e+00 2.116974e-02 -4.736844e-02 
2.126974e-02 0.000000e+00 2.126974e-02 -4.736841e-02 
2.136974e-02 0.000000e+00 2.136974e-02 -4.736843e-02 
2.146974e-02 0.000000e+00 2.146974e-02 -4.736842e-02 
2.156974e-02 0.000000e+00 2.156974e-02 -4.736842e-02 
2.166974e-02 0.000000e+00 2.166974e-02 -4.736842e-02 
2.176974e-02 0.000000e+00 2.176974e-02 -4.736842e-02 
2.186974e-02 0.000000e+00 2.186974e-02 -4.736842e-02 
2.196974e-02 0.000000e+00 2.196974e-02 -4.736842e-02 
2.206974e-02 0.000000e+00 2.206974e-02 -4.736842e-02 
2.216974e-02 0.000000e+00 2.216974e-02 -4.736842e-02 
2.226974e-02 0.000000e+00 2.226974e-02 -4.736842e-02 
2.236974e-02 0.000000e+00 2.236974e-02 -4.736842e-02 
2.246974e-02 0.000000e+00 2.246974e-02 -4.736842e-02 
2.256974e-02 0.000000e+00 2.256974e-02 -4.736842e-02 
2.266974e-02 0.000000e+00 2.266974e-02 -4.736842e-02 
2.276974e-02 0.000000e+00 2.276974e-02 -4.736842e-02 
2.286974e-02 0.000000e+00 2.286974e-02 -4.736842e-02 
2.296974e-02 0.000000e+00 2.296974e-02 -4.736842e-02 
2.306974e-02 0.000000e+00 2.306974e-02 -4.736842e-02 
2.316974e-02 0.000000e+00 2.316974e-02 -4.736842e-02 
2.326974e-02 0.000000e+00 2.326974e-02 -4.736842e-02 
2.336974e-02 0.000000e+00 2.336974e-02 -4.736842e-02 
2.346974e-02 0.000000e+00 2.346974e-02 -4.736842e-02 
2.356974e-02 0.000000e+00 2.356974e-02 -4.736842e-02 
2.366974e-02 0.000000e+00 2.366974e-02 -4.736842e-02 
2.376974e-02 0.000000e+00 2.376974e-02 -4.736842e-02 
2.386974e-02 0.000000e+00 2.386974e-02 -4.736842e-02 
2.396974e-02 0.000000e+00 2.396974e-02 -4.736842e-02 
2.406974e-02 0.000000e+00 2.406974e-02 -4.736842e-02 
2.416974e-02 0.000000e+00 2.416974e-02 -4.736842e-02 
2.426974e-02 0.000000e+00 2.426974e-02 -4.736842e-02 
2.436974e-02 0.000000e+00 2.436974e-02 -4.736842e-02 
2.446974e-02 0.000000e+00 2.446974e-02 -4.736842e-02 
2.456974e-02 0.000000e+00 2.456974e-02 -4.736842e-02 
2.466974e-02 0.000000e+00 2.466974e-02 -4.736842e-02 
2.476974e-02 0.000000e+00 2.476974e-02 -4.736842e-02 
2.486974e-02 0.000000e+00 2.486974e-02 -4.736842e-02 
2.496974e-02 0.000000e+00 2.496974e-02 -4.736842e-02 
2.500000e-02 0.000000e+00 2.500000e-02 -4.736842e-02 
2.500000e-02 1.000000e-01 2.500000e-02 -4.736842e-02 
2.500000e-02 3.000000e-01 2.500000e-02 -4.736842e-02 
2.500001e-02 7.000000e-01 2.500001e-02 -4.736842e-02 
2.500001e-02 1.000000e+00 2.500001e-02 -4.736842e-02 
2.500001e-02 1.000000e+00 2.500001e-02 -4.736842e-02 
2.500001e-02 1.000000e+00 2.500001e-02 -4.736842e-02 
2.500001e-02 1.000000e+00 2.500001e-02 -4.736842e-02 
2.500002e-02 1.000000e+00 2.500002e-02 -4.736842e-02 
2.500002e-02 1.000000e+00 2.500002e-02 -4.736842e-02 
2.500003e-02 1.000000e+00 2.500003e-02 -4.736842e-02 
2.500005e-02 1.000000e+00 2.500005e-02 -4.736842e-02 
2.500010e-02 1.000000e+00 2.500010e-02 -4.736840e-02 
2.500019e-02 1.000000e+00 2.500019e-02 -4.736801e-02 
2.500035e-02 1.000000e+00 2.500035e-02 -4.736091e-02 
2.500058e-02 1.000000e+00 2.500058e-02 -4.730588e-02 
2.500095e-02 1.000000e+00 2.500095e-02 -4.690595e-02 
2.500149e-02 1.000000e+00 2.500149e-02 -4.494128e-02 
2.500241e-02 1.000000e+00 2.500241e-02 -3.628355e-02 
2.500344e-02 1.000000e+00 2.500344e-02 -1.828350e-02 
2.500523e-02 1.000000e+00 2.500523e-02 2.625851e-02 
2.500738e-02 1.000000e+00 2.500738e-02 8.693989e-02 
2.501050e-02 1.000000e+00 2.501050e-02 1.677331e-01 
2.501549e-02 1.000000e+00 2.501549e-02 2.674144e-01 
2.502387e-02 1.000000e+00 2.502387e-02 3.703411e-01 
2.504022e-02 1.000000e+00 2.504022e-02 4.540303e-01 
2.505584e-02 1.000000e+00 2.505584e-02 4.727118e-01 
2.508061e-02 1.000000e+00 2.508061e-02 4.787815e-01 
2.511109e-02 1.000000e+00 2.511109e-02 4.789644e-01 
2.517205e-02 1.000000e+00 2.517205e-02 4.789384e-01 
2.525001e-02 1.000000e+00 2.525001e-02 4.789535e-01 
2.525001e-02 9.000000e-01 2.525001e-02 4.789535e-01 
2.525001e-02 7.000000e-01 2.525001e-02 4.789535e-01 
2.525002e-02 3.000000e-01 2.525002e-02 4.789535e-01 
2.525002e-02 0.000000e+00 2.525002e-02 4.789535e-01 
2.525002e-02 0.000000e+00 2.525002e-02 4.789535e-01 
2.525002e-02 0.000000e+00 2.525002e-02 4.789535e-01 
2.525003e-02 0.000000e+00 2.525003e-02 4.789535e-01 
2.525003e-02 0.000000e+00 2.525003e-02 4.789534e-01 
2.525004e-02 0.000000e+00 2.525004e-02 4.789534e-01 
2.525007e-02 0.000000e+00 2.525007e-02 4.789534e-01 
2.525012e-02 0.000000e+00 2.525012e-02 4.789532e-01 
2.525022e-02 0.000000e+00 2.525022e-02 4.789523e-01 
2.525043e-02 0.000000e+00 2.525043e-02 4.789357e-01 
2.525084e-02 0.000000e+00 2.525084e-02 4.786599e-01 
2.525150e-02 0.000000e+00 2.525150e-02 4.765088e-01 
2.525218e-02 0.000000e+00 2.525218e-02 4.708403e-01 
2.525311e-02 0.000000e+00 2.525311e-02 4.566373e-01 
2.525436e-02 0.000000e+00 2.525436e-02 4.283741e-01 
2.525624e-02 0.000000e+00 2.525624e-02 3.771576e-01 
2.525804e-02 0.000000e+00 2.525804e-02 3.266149e-01 
2.526023e-02 0.000000e+00 2.526023e-02 2.704747e-01 
2.526271e-02 0.000000e+00 2.526271e-02 2.158053e-01 
2.526641e-02 0.000000e+00 2.526641e-02 1.504830e-01 
2.527123e-02 0.000000e+00 2.527123e-02 8.876799e-02 
2.527858e-02 0.000000e+00 2.527858e-02 2.890982e-02 
2.528701e-02 0.000000e+00 2.528701e-02 -8.368266e-03 
2.529528e-02 0.000000e+00 2.529528e-02 -2.714139e-02 
2.530278e-02 0.000000e+00 2.530278e-02 -3.618160e-02 
2.531228e-02 0.000000e+00 2.531228e-02 -4.215567e-02 
2.532548e-02 0.000000e+00 2.532548e-02 -4.565941e-02 
2.534340e-02 0.000000e+00 2.534340e-02 -4.705178e-02 
2.536781e-02 0.000000e+00 2.536781e-02 -4.735794e-02 
2.540443e-02 0.000000e+00 2.540443e-02 -4.737018e-02 
2.546974e-02 0.000000e+00 2.546974e-02 -4.736766e-02 
2.556974e-02 0.000000e+00 2.556974e-02 -4.736886e-02 
2.566974e-02 0.000000e+00 2.566974e-02 -4.736816e-02 
2.576974e-02 0.000000e+00 2.576974e-02 -4.736857e-02 
2.586974e-02 0.000000e+00 2.586974e-02 -4.736833e-02 
2.596974e-02 0.000000e+00 2.596974e-02 -4.736847e-02 
2.606974e-02 0.000000e+00 2.606974e-02 -4.736839e-02 
2.616974e-02 0.000000e+00 2.616974e-02 -4.736844e-02 
2.626974e-02 0.000000e+00 2.626974e-02 -4.736841e-02 
2.636974e-02 0.000000e+00 2.636974e-02 -4.736843e-02 
2.646974e-02 0.000000e+00 2.646974e-02 -4.736842e-02 
2.656974e-02 0.000000e+00 2.656974e-02 -4.736842e-02 
2.666974e-02 0.000000e+00 2.666974e-02 -4.736842e-02 
2.676974e-02 0.000000e+00 2.676974e-02 -4.736842e-02 
2.686974e-02 0.000000e+00 2.686974e-02 -4.736842e-02 
2.696974e-02 0.000000e+00 2.696974e-02 -4.736842e-02 
2.706974e-02 0.000000e+00 2.706974e-02 -4.736842e-02 
2.716974e-02 0.000000e+00 2.716974e-02 -4.736842e-02 
2.726974e-02 0.000000e+00 2.726974e-02 -4.736842e-02 
2.736974e-02 0.000000e+00 2.736974e-02 -4.736842e-02 
2.746974e-02 0.000000e+00 2.746974e-02 -4.736842e-02 
2.756974e-02 0.000000e+00 2.756974e-02 -4.736842e-02 
2.766974e-02 0.000000e+00 2.766974e-02 -4.736842e-02 
2.776974e-02 0.000000e+00 2.776974e-02 -4.736842e-02 
2.786974e-02 0.000000e+00 2.786974e-02 -4.736842e-02 
2.796974e-02 0.000000e+00 2.796974e-02 -4.736842e-02 
2.806974e-02 0.000000e+00 2.806974e-02 -4.736842e-02 
2.816974e-02 0.000000e+00 2.816974e-02 -4.736842e-02 
2.826974e-02 0.000000e+00 2.826974e-02 -4.736842e-02 
2.836974e-02 0.000000e+00 2.836974e-02 -4.736842e-02 
2.846974e-02 0.000000e+00 2.846974e-02 -4.736842e-02 
2.856974e-02 0.000000e+00 2.856974e-02 -4.736842e-02 
2.866974e-02 0.000000e+00 2.866974e-02 -4.736842e-02 
2.876974e-02 0.000000e+00 2.876974e-02 -4.736842e-02 
2.886974e-02 0.000000e+00 2.886974e-02 -4.736842e-02 
2.896974e-02 0.000000e+00 2.896974e-02 -4.736842e-02 
2.906974e-02 0.000000e+00 2.906974e-02 -4.736842e-02 
2.916974e-02 0.000000e+00 2.916974e-02 -4.736842e-02 
2.926974e-02 0.000000e+00 2.926974e-02 -4.736842e-02 
2.936974e-02 0.000000e+00 2.936974e-02 -4.736842e-02 
2.946974e-02 0.000000e+00 2.946974e-02 -4.736842e-02 
2.956974e-02 0.000000e+00 2.956974e-02 -4.736842e-02 
2.966974e-02 0.000000e+00 2.966974e-02 -4.736842e-02 
2.976974e-02 0.000000e+00 2.976974e-02 -4.736842e-02 
2.986974e-02 0.000000e+00 2.986974e-02 -4.736842e-02 
2.996974e-02 0.000000e+00 2.996974e-02 -4.736842e-02 
3.000000e-02 3.469447e-10 3.000000e-02 -4.736842e-02 
3.000000e-02 1.000000e-01 3.000000e-02 -4.736842e-02 
3.000000e-02 3.000000e-01 3.000000e-02 -4.736842e-02 
3.000001e-02 7.000000e-01 3.000001e-02 -4.736842e-02 
3.000001e-02 1.000000e+00 3.000001e-02 -4.736842e-02 
3.000001e-02 1.000000e+00 3.000001e-02 -4.736842e-02 
3.000001e-02 1.000000e+00 3.000001e-02 -4.736842e-02 
3.000001e-02 1.000000e+00 3.000001e-02 -4.736842e-02 
3.000002e-02 1.000000e+00 3.000002e-02 -4.736842e-02 
3.000002e-02 1.000000e+00 3.000002e-02 -4.736842e-02 
3.000003e-02 1.000000e+00 3.000003e-02 -4.736842e-02 
3.000005e-02 1.000000e+00 3.000005e-02 -4.736842e-02 
3.000010e-02 1.000000e+00 3.000010e-02 -4.736840e-02 
3.000019e-02 1.000000e+00 3.000019e-02 -4.736801e-02 
3.000035e-02 1.000000e+00 3.000035e-02 -4.736091e-02 
3.000058e-02 1.000000e+00 3.000058e-02 -4.730588e-02 
3.000095e-02 1.000000e+00 3.000095e-02 -4.690595e-02 
3.000149e-02 1.000000e+00 3.000149e-02 -4.494128e-02 
3.000241e-02 1.000000e+00 3.000241e-02 -3.628355e-02 
3.000344e-02 1.000000e+00 3.000344e-02 -1.828350e-02 
3.000523e-02 1.000000e+00 3.000523e-02 2.625851e-02 
3.000738e-02 1.000000e+00 3.000738e-02 8.693989e-02 
3.001050e-02 1.000000e+00 3.001050e-02 1.677331e-01 
3.001549e-02 1.000000e+00 3.001549e-02 2.674144e-01 
3.002387e-02 1.000000e+00 3.002387e-02 3.703411e-01 
3.004022e-02 1.000000e+00 3.004022e-02 4.540303e-01 
3.005584e-02 1.000000e+00 3.005584e-02 4.727118e-01 
3.008061e-02 1.000000e+00 3.008061e-02 4.787815e-01 
3.011109e-02 1.000000e+00 3.011109e-02 4.789644e-01 
3.017205e-02 1.000000e+00 3.017205e-02 4.789384e-01 
3.025001e-02 1.000000e+00 3.025001e-02 4.789535e-01 
3.025001e-02 9.000000e-01 3.025001e-02 4.789535e-01 
3.025001e-02 7.000000e-01 3.025001e-02 4.789535e-01 
3.025002e-02 3.000000e-01 3.025002e-02 4.789535e-01 
3.025002e-02 0.000000e+00 3.025002e-02 4.789535e-01 
3.025002e-02 0.000000e+00 3.025002e-02 4.789535e-01 
3.025002e-02 0.000000e+00 3.025002e-02 4.789535e-01 
3.025003e-02 0.000000e+00 3.025003e-02 4.789535e-01 
3.025003e-02 0.000000e+00 3.025003e-02 4.789534e-01 
3.025004e-02 0.000000e+00 3.025004e-02 4.789534e-01 
3.025007e-02 0.000000e+00 3.025007e-02 4.789534e-01 
3.025012e-02 0.000000e+00 3.025012e-02 4.789532e-01 
3.025022e-02 0.000000e+00 3.025022e-02 4.789523e-01 
3.025043e-02 0.000000e+00 3.025043e-02 4.789357e-01 
3.025084e-02 0.000000e+00 3.025084e-02 4.786599e-01 
3.025150e-02 0.000000e+00 3.025150e-02 4.765088e-01 
3.025218e-02 0.000000e+00 3.025218e-02 4.708403e-01 
3.025311e-02 0.000000e+00 3.025311e-02 4.566373e-01 
3.025436e-02 0.000000e+00 3.025436e-02 4.283741e-01 
3.025624e-02 0.000000e+00 3.025624e-02 3.771576e-01 
3.025804e-02 0.000000e+00 3.025804e-02 3.266149e-01 
3.026023e-02 0.000000e+00 3.026023e-02 2.704747e-01 
3.026271e-02 0.000000e+00 3.026271e-02 2.158053e-01 
3.026641e-02 0.000000e+00 3.026641e-02 1.504830e-01 
3.027123e-02 0.000000e+00 3.027123e-02 8.876799e-02 
3.027858e-02 0.000000e+00 3.027858e-02 2.890982e-02 
3.028701e-02 0.000000e+00 3.028701e-02 -8.368266e-03 
3.029528e-02 0.000000e+00 3.029528e-02 -2.714139e-02 
3.030278e-02 0.000000e+00 3.030278e-02 -3.618160e-02 
3.031228e-02 0.000000e+00 3.031228e-02 -4.215567e-02 
3.032548e-02 0.000000e+00 3.032548e-02 -4.565941e-02 
3.034340e-02 0.000000e+00 3.034340e-02 -4.705178e-02 
3.036781e-02 0.000000e+00 3.036781e-02 -4.735794e-02 
3.040443e-02 0.000000e+00 3.040443e-02 -4.737018e-02 
3.046974e-02 0.000000e+00 3.046974e-02 -4.736766e-02 
3.056974e-02 0.000000e+00 3.056974e-02 -4.736886e-02 
3.066974e-02 0.000000e+00 3.066974e-02 -4.736816e-02 
3.076974e-02 0.000000e+00 3.076974e-02 -4.736857e-02 
3.086974e-02 0.000000e+00 3.086974e-02 -4.736833e-02 
3.096974e-02 0.000000e+00 3.096974e-02 -4.736847e-02 
3.106974e-02 0.000000e+00 3.106974e-02 -4.736839e-02 
3.116974e-02 0.000000e+00 3.116974e-02 -4.736844e-02 
3.126974e-02 0.000000e+00 3.126974e-02 -4.736841e-02 
3.136974e-02 0.000000e+00 3.136974e-02 -4.736843e-02 
3.146974e-02 0.000000e+00 3.146974e-02 -4.736842e-02 
3.156974e-02 0.000000e+00 3.156974e-02 -4.736842e-02 
3.166974e-02 0.000000e+00 3.166974e-02 -4.736842e-02 
3.176974e-02 0.000000e+00 3.176974e-02 -4.736842e-02 
3.186974e-02 0.000000e+00 3.186974e-02 -4.736842e-02 
3.196974e-02 0.000000e+00 3.196974e-02 -4.736842e-02 
3.206974e-02 0.000000e+00 3.206974e-02 -4.736842e-02 
3.216974e-02 0.000000e+00 3.216974e-02 -4.736842e-02 
3.226974e-02 0.000000e+00 3.226974e-02 -4.736842e-02 
3.236974e-02 0.000000e+00 3.236974e-02 -4.736842e-02 
3.246974e-02 0.000000e+00 3.246974e-02 -4.736842e-02 
3.256974e-02 0.000000e+00 3.256974e-02 -4.736842e-02 
3.266974e-02 0.000000e+00 3.266974e-02 -4.736842e-02 
3.276974e-02 0.000000e+00 3.276974e-02 -4.736842e-02 
3.286974e-02 0.000000e+00 3.286974e-02 -4.736842e-02 
3.296974e-02 0.000000e+00 3.296974e-02 -4.736842e-02 
3.306974e-02 0.000000e+00 3.306974e-02 -4.736842e-02 
3.316974e-02 0.000000e+00 3.316974e-02 -4.736842e-02 
3.326974e-02 0.000000e+00 3.326974e-02 -4.736842e-02 
3.336974e-02 0.000000e+00 3.336974e-02 -4.736842e-02 
3.346974e-02 0.000000e+00 3.346974e-02 -4.736842e-02 
3.356974e-02 0.000000e+00 3.356974e-02 -4.736842e-02 
3.366974e-02 0.000000e+00 3.366974e-02 -4.736842e-02 
3.376974e-02 0.000000e+00 3.376974e-02 -4.736842e-02 
3.386974e-02 0.000000e+00 3.386974e-02 -4.736842e-02 
3.396974e-02 0.000000e+00 3.396974e-02 -4.736842e-02 
3.406974e-02 0.000000e+00 3.406974e-02 -4.736842e-02 
3.416974e-02 0.000000e+00 3.416974e-02 -4.736842e-02 
3.426974e-02 0.000000e+00 3.426974e-02 -4.736842e-02 
3.436974e-02 0.000000e+00 3.436974e-02 -4.736842e-02 
3.446974e-02 0.000000e+00 3.446974e-02 -4.736842e-02 
3.456974e-02 0.000000e+00 3.456974e-02 -4.736842e-02 
3.466974e-02 0.000000e+00 3.466974e-02 -4.736842e-02 
3.476974e-02 0.000000e+00 3.476974e-02 -4.736842e-02 
3.486974e-02 0.000000e+00 3.486974e-02 -4.736842e-02 
3.496974e-02 0.000000e+00 3.496974e-02 -4.736842e-02 
3.500000e-02 0.000000e+00 3.500000e-02 -4.736842e-02 
3.500000e-02 1.000000e-01 3.500000e-02 -4.736842e-02 
3.500000e-02 3.000000e-01 3.500000e-02 -4.736842e-02 
3.500001e-02 7.000000e-01 3.500001e-02 -4.736842e-02 
3.500001e-02 1.000000e+00 3.500001e-02 -4.736842e-02 
3.500001e-02 1.000000e+00 3.500001e-02 -4.736842e-02 
3.500001e-02 1.000000e+00 3.500001e-02 -4.736842e-02 
3.500001e-02 1.000000e+00 3.500001e-02 -4.736842e-02 
3.500002e-02 1.000000e+00 3.500002e-02 -4.736842e-02 
3.500002e-02 1.000000e+00 3.500002e-02 -4.736842e-02 
3.500003e-02 1.000000e+00 3.500003e-02 -4.736842e-02 
3.500005e-02 1.000000e+00 3.500005e-02 -4.736842e-02 
3.500010e-02 1.000000e+00 3.500010e-02 -4.736840e-02 
3.500019e-02 1.000000e+00 3.500019e-02 -4.736801e-02 
3.500035e-02 1.000000e+00 3.500035e-02 -4.736091e-02 
3.500058e-02 1.000000e+00 3.500058e-02 -4.730588e-02 
3.500095e-02 1.000000e+00 3.500095e-02 -4.690595e-02 
3.500149e-02 1.000000e+00 3.500149e-02 -4.494128e-02 
3.500241e-02 1.000000e+00 3.500241e-02 -3.628355e-02 
3.500344e-02 1.000000e+00 3.500344e-02 -1.828350e-02 
3.500523e-02 1.000000e+00 3.500523e-02 2.625851e-02 
3.500738e-02 1.000000e+00 3.500738e-02 8.693989e-02 
3.501050e-02 1.000000e+00 3.501050e-02 1.677331e-01 
3.501549e-02 1.000000e+00 3.501549e-02 2.674144e-01 
3.502387e-02 1.000000e+00 3.502387e-02 3.703411e-01 
3.504022e-02 1.000000e+00 3.504022e-02 4.540303e-01 
3.505584e-02 1.000000e+00 3.505584e-02 4.727118e-01 
3.508061e-02 1.000000e+00 3.508061e-02 4.787815e-01 
3.511109e-02 1.000000e+00 3.511109e-02 4.789644e-01 
3.517205e-02 1.000000e+00 3.517205e-02 4.789384e-01 
3.525001e-02 1.000000e+00 3.525001e-02 4.789535e-01 
3.525001e-02 9.000000e-01 3.525001e-02 4.789535e-01 
3.525001e-02 7.000000e-01 3.525001e-02 4.789535e-01 
3.525002e-02 3.000000e-01 3.525002e-02 4.789535e-01 
3.525002e-02 0.000000e+00 3.525002e-02 4.789535e-01 
3.525002e-02 0.000000e+00 3.525002e-02 4.789535e-01 
3.525002e-02 0.000000e+00 3.525002e-02 4.789535e-01 
3.525003e-02 0.000000e+00 3.525003e-02 4.789535e-01 
3.525003e-02 0.000000e+00 3.525003e-02 4.789534e-01 
3.525004e-02 0.000000e+00 3.525004e-02 4.789534e-01 
3.525007e-02 0.000000e+00 3.525007e-02 4.789534e-01 
3.525012e-02 0.000000e+00 3.525012e-02 4.789532e-01 
3.525022e-02 0.000000e+00 3.525022e-02 4.789523e-01 
3.525043e-02 0.000000e+00 3.525043e-02 4.789357e-01 
3.525084e-02 0.000000e+00 3.525084e-02 4.786599e-01 
3.525150e-02 0.000000e+00 3.525150e-02 4.765088e-01 
3.525218e-02 0.000000e+00 3.525218e-02 4.708403e-01 
3.525311e-02 0.000000e+00 3.525311e-02 4.566373e-01 
3.525436e-02 0.000000e+00 3.525436e-02 4.283741e-01 
3.525624e-02 0.000000e+00 3.525624e-02 3.771576e-01 
3.525804e-02 0.000000e+00 3.525804e-02 3.266149e-01 
3.526023e-02 0.000000e+00 3.526023e-02 2.704747e-01 
3.526271e-02 0.000000e+00 3.526271e-02 2.158053e-01 
3.526641e-02 0.000000e+00 3.526641e-02 1.504830e-01 
3.527123e-02 0.000000e+00 3.527123e-02 8.876799e-02 
3.527858e-02 0.000000e+00 3.527858e-02 2.890982e-02 
3.528701e-02 0.000000e+00 3.528701e-02 -8.368266e-03 
3.529528e-02 0.000000e+00 3.529528e-02 -2.714139e-02 
3.530278e-02 0.000000e+00 3.530278e-02 -3.618160e-02 
3.531228e-02 0.000000e+00 3.531228e-02 -4.215567e-02 
3.532548e-02 0.000000e+00 3.532548e-02 -4.565941e-02 
3.534340e-02 0.000000e+00 3.534340e-02 -4.705178e-02 
3.536781e-02 0.000000e+00 3.536781e-02 -4.735794e-02 
3.540443e-02 0.000000e+00 3.540443e-02 -4.737018e-02 
3.546974e-02 0.000000e+00 3.546974e-02 -4.736766e-02 
3.556974e-02 0.000000e+00 3.556974e-02 -4.736886e-02 
3.566974e-02 0.000000e+00 3.566974e-02 -4.736816e-02 
3.576974e-02 0.000000e+00 3.576974e-02 -4.736857e-02 
3.586974e-02 0.000000e+00 3.586974e-02 -4.736833e-02 
3.596974e-02 0.000000e+00 3.596974e-02 -4.736847e-02 
3.606974e-02 0.000000e+00 3.606974e-02 -4.736839e-02 
3.616974e-02 0.000000e+00 3.616974e-02 -4.736844e-02 
3.626974e-02 0.000000e+00 3.626974e-02 -4.736841e-02 
3.636974e-02 0.000000e+00 3.636974e-02 -4.736843e-02 
3.646974e-02 0.000000e+00 3.646974e-02 -4.736842e-02 
3.656974e-02 0.000000e+00 3.656974e-02 -4.736842e-02 
3.666974e-02 0.000000e+00 3.666974e-02 -4.736842e-02 
3.676974e-02 0.000000e+00 3.676974e-02 -4.736842e-02 
3.686974e-02 0.000000e+00 3.686974e-02 -4.736842e-02 
3.696974e-02 0.000000e+00 3.696974e-02 -4.736842e-02 
3.706974e-02 0.000000e+00 3.706974e-02 -4.736842e-02 
3.716974e-02 0.000000e+00 3.716974e-02 -4.736842e-02 
3.726974e-02 0.000000e+00 3.726974e-02 -4.736842e-02 
3.736974e-02 0.000000e+00 3.736974e-02 -4.736842e-02 
3.746974e-02 0.000000e+00 3.746974e-02 -4.736842e-02 
3.756974e-02 0.000000e+00 3.756974e-02 -4.736842e-02 
3.766974e-02 0.000000e+00 3.766974e-02 -4.736842e-02 
3.776974e-02 0.000000e+00 3.776974e-02 -4.736842e-02 
3.786974e-02 0.000000e+00 3.786974e-02 -4.736842e-02 
3.796974e-02 0.000000e+00 3.796974e-02 -4.736842e-02 
3.806974e-02 0.000000e+00 3.806974e-02 -4.736842e-02 
3.816974e-02 0.000000e+00 3.816974e-02 -4.736842e-02 
3.826974e-02 0.000000e+00 3.826974e-02 -4.736842e-02 
3.836974e-02 0.000000e+00 3.836974e-02 -4.736842e-02 
3.846974e-02 0.000000e+00 3.846974e-02 -4.736842e-02 
3.856974e-02 0.000000e+00 3.856974e-02 -4.736842e-02 
3.866974e-02 0.000000e+00 3.866974e-02 -4.736842e-02 
3.876974e-02 0.000000e+00 3.876974e-02 -4.736842e-02 
3.886974e-02 0.000000e+00 3.886974e-02 -4.736842e-02 
3.896974e-02 0.000000e+00 3.896974e-02 -4.736842e-02 
3.906974e-02 0.000000e+00 3.906974e-02 -4.736842e-02 
3.916974e-02 0.000000e+00 3.916974e-02 -4.736842e-02 
3.926974e-02 0.000000e+00 3.926974e-02 -4.736842e-02 
3.936974e-02 0.000000e+00 3.936974e-02 -4.736842e-02 
3.946974e-02 0.000000e+00 3.946974e-02 -4.736842e-02 
3.956974e-02 0.000000e+00 3.956974e-02 -4.736842e-02 
3.966974e-02 0.000000e+00 3.966974e-02 -4.736842e-02 
3.976974e-02 0.000000e+00 3.976974e-02 -4.736842e-02 
3.986974e-02 0.000000e+00 3.986974e-02 -4.736842e-02 
3.996974e-02 0.000000e+00 3.996974e-02 -4.736842e-02 
4.000000e-02 0.000000e+00 4.000000e-02 -4.736842e-02 
4.000000e-02 1.000000e-01 4.000000e-02 -4.736842e-02 
4.000000e-02 3.000000e-01 4.000000e-02 -4.736842e-02 
4.000001e-02 7.000000e-01 4.000001e-02 -4.736842e-02 
4.000001e-02 1.000000e+00 4.000001e-02 -4.736842e-02 
4.000001e-02 1.000000e+00 4.000001e-02 -4.736842e-02 
4.000001e-02 1.000000e+00 4.000001e-02 -4.736842e-02 
4.000001e-02 1.000000e+00 4.000001e-02 -4.736842e-02 
4.000002e-02 1.000000e+00 4.000002e-02 -4.736842e-02 
4.000002e-02 1.000000e+00 4.000002e-02 -4.736842e-02 
4.000003e-02 1.000000e+00 4.000003e-02 -4.736842e-02 
4.000005e-02 1.000000e+00 4.000005e-02 -4.736842e-02 
4.000010e-02 1.000000e+00 4.000010e-02 -4.736840e-02 
4.000019e-02 1.000000e+00 4.000019e-02 -4.736801e-02 
4.000035e-02 1.000000e+00 4.000035e-02 -4.736091e-02 
4.000058e-02 1.000000e+00 4.000058e-02 -4.730588e-02 
4.000095e-02 1.000000e+00 4.000095e-02 -4.690595e-02 
4.000149e-02 1.000000e+00 4.000149e-02 -4.494128e-02 
4.000241e-02 1.000000e+00 4.000241e-02 -3.628355e-02 
4.000344e-02 1.000000e+00 4.000344e-02 -1.828350e-02 
4.000523e-02 1.000000e+00 4.000523e-02 2.625851e-02 
4.000738e-02 1.000000e+00 4.000738e-02 8.693989e-02 
4.001050e-02 1.000000e+00 4.001050e-02 1.677331e-01 
4.001549e-02 1.000000e+00 4.001549e-02 2.674144e-01 
4.002387e-02 1.000000e+00 4.002387e-02 3.703411e-01 
4.004022e-02 1.000000e+00 4.004022e-02 4.540303e-01 
4.005584e-02 1.000000e+00 4.005584e-02 4.727118e-01 
4.008061e-02 1.000000e+00 4.008061e-02 4.787815e-01 
4.011109e-02 1.000000e+00 4.011109e-02 4.789644e-01 
4.017205e-02 1.000000e+00 4.017205e-02 4.789384e-01 
4.025001e-02 1.000000e+00 4.025001e-02 4.789535e-01 
4.025001e-02 9.000000e-01 4.025001e-02 4.789535e-01 
4.025001e-02 7.000000e-01 4.025001e-02 4.789535e-01 
4.025002e-02 3.000000e-01 4.025002e-02 4.789535e-01 
4.025002e-02 0.000000e+00 4.025002e-02 4.789535e-01 
4.025002e-02 0.000000e+00 4.025002e-02 4.789535e-01 
4.025002e-02 0.000000e+00 4.025002e-02 4.789535e-01 
4.025003e-02 0.000000e+00 4.025003e-02 4.789535e-01 
4.025003e-02 0.000000e+00 4.025003e-02 4.789534e-01 
4.025004e-02 0.000000e+00 4.025004e-02 4.789534e-01 
4.025007e-02 0.000000e+00 4.025007e-02 4.789534e-01 
4.025012e-02 0.000000e+00 4.025012e-02 4.789532e-01 
4.025022e-02 0.000000e+00 4.025022e-02 4.789523e-01 
4.025043e-02 0.000000e+00 4.025043e-02 4.789357e-01 
4.025084e-02 0.000000e+00 4.025084e-02 4.786599e-01 
4.025150e-02 0.000000e+00 4.025150e-02 4.765088e-01 
4.025218e-02 0.000000e+00 4.025218e-02 4.708403e-01 
4.025311e-02 0.000000e+00 4.025311e-02 4.566373e-01 
4.025436e-02 0.000000e+00 4.025436e-02 4.283741e-01 
4.025624e-02 0.000000e+00 4.025624e-02 3.771576e-01 
4.025804e-02 0.000000e+00 4.025804e-02 3.266149e-01 
4.026023e-02 0.000000e+00 4.026023e-02 2.704747e-01 
4.026271e-02 0.000000e+00 4.026271e-02 2.158053e-01 
4.026641e-02 0.000000e+00 4.026641e-02 1.504830e-01 
4.027123e-02 0.000000e+00 4.027123e-02 8.876799e-02 
4.027858e-02 0.000000e+00 4.027858e-02 2.890982e-02 
4.028701e-02 0.000000e+00 4.028701e-02 -8.368266e-03 
4.029528e-02 0.000000e+00 4.029528e-02 -2.714139e-02 
4.030278e-02 0.000000e+00 4.030278e-02 -3.618160e-02 
4.031228e-02 0.000000e+00 4.031228e-02 -4.215567e-02 
4.032548e-02 0.000000e+00 4.032548e-02 -4.565941e-02 
4.034340e-02 0.000000e+00 4.034340e-02 -4.705178e-02 
4.036781e-02 0.000000e+00 4.036781e-02 -4.735794e-02 
4.040443e-02 0.000000e+00 4.040443e-02 -4.737018e-02 
4.046974e-02 0.000000e+00 4.046974e-02 -4.736766e-02 
4.056974e-02 0.000000e+00 4.056974e-02 -4.736886e-02 
4.066974e-02 0.000000e+00 4.066974e-02 -4.736816e-02 
4.076974e-02 0.000000e+00 4.076974e-02 -4.736857e-02 
4.086974e-02 0.000000e+00 4.086974e-02 -4.736833e-02 
4.096974e-02 0.000000e+00 4.096974e-02 -4.736847e-02 
4.106974e-02 0.000000e+00 4.106974e-02 -4.736839e-02 
4.116974e-02 0.000000e+00 4.116974e-02 -4.736844e-02 
4.126974e-02 0.000000e+00 4.126974e-02 -4.736841e-02 
4.136974e-02 0.000000e+00 4.136974e-02 -4.736843e-02 
4.146974e-02 0.000000e+00 4.146974e-02 -4.736842e-02 
4.156974e-02 0.000000e+00 4.156974e-02 -4.736842e-02 
4.166974e-02 0.000000e+00 4.166974e-02 -4.736842e-02 
4.176974e-02 0.000000e+00 4.176974e-02 -4.736842e-02 
4.186974e-02 0.000000e+00 4.186974e-02 -4.736842e-02 
4.196974e-02 0.000000e+00 4.196974e-02 -4.736842e-02 
4.206974e-02 0.000000e+00 4.206974e-02 -4.736842e-02 
4.216974e-02 0.000000e+00 4.216974e-02 -4.736842e-02 
4.226974e-02 0.000000e+00 4.226974e-02 -4.736842e-02 
4.236974e-02 0.000000e+00 4.236974e-02 -4.736842e-02 
4.246974e-02 0.000000e+00 4.246974e-02 -4.736842e-02 
4.256974e-02 0.000000e+00 4.256974e-02 -4.736842e-02 
4.266974e-02 0.000000e+00 4.266974e-02 -4.736842e-02 
4.276974e-02 0.000000e+00 4.276974e-02 -4.736842e-02 
4.286974e-02 0.000000e+00 4.286974e-02 -4.736842e-02 
4.296974e-02 0.000000e+00 4.296974e-02 -4.736842e-02 
4.306974e-02 0.000000e+00 4.306974e-02 -4.736842e-02 
4.316974e-02 0.000000e+00 4.316974e-02 -4.736842e-02 
4.326974e-02 0.000000e+00 4.326974e-02 -4.736842e-02 
4.336974e-02 0.000000e+00 4.336974e-02 -4.736842e-02 
4.346974e-02 0.000000e+00 4.346974e-02 -4.736842e-02 
4.356974e-02 0.000000e+00 4.356974e-02 -4.736842e-02 
4.366974e-02 0.000000e+00 4.366974e-02 -4.736842e-02 
4.376974e-02 0.000000e+00 4.376974e-02 -4.736842e-02 
4.386974e-02 0.000000e+00 4.386974e-02 -4.736842e-02 
4.396974e-02 0.000000e+00 4.396974e-02 -4.736842e-02 
4.406974e-02 0.000000e+00 4.406974e-02 -4.736842e-02 
4.416974e-02 0.000000e+00 4.416974e-02 -4.736842e-02 
4.426974e-02 0.000000e+00 4.426974e-02 -4.736842e-02 
4.436974e-02 0.000000e+00 4.436974e-02 -4.736842e-02 
4.446974e-02 0.000000e+00 4.446974e-02 -4.736842e-02 
4.456974e-02 0.000000e+00 4.456974e-02 -4.736842e-02 
4.466974e-02 0.000000e+00 4.466974e-02 -4.736842e-02 
4.476974e-02 0.000000e+00 4.476974e-02 -4.736842e-02 
4.486974e-02 0.000000e+00 4.486974e-02 -4.736842e-02 
4.496974e-02 0.000000e+00 4.496974e-02 -4.736842e-02 
4.500000e-02 0.000000e+00 4.500000e-02 -4.736842e-02 
4.500000e-02 1.000000e-01 4.500000e-02 -4.736842e-02 
4.500000e-02 3.000000e-01 4.500000e-02 -4.736842e-02 
4.500001e-02 7.000000e-01 4.500001e-02 -4.736842e-02 
4.500001e-02 1.000000e+00 4.500001e-02 -4.736842e-02 
4.500001e-02 1.000000e+00 4.500001e-02 -4.736842e-02 
4.500001e-02 1.000000e+00 4.500001e-02 -4.736842e-02 
4.500001e-02 1.000000e+00 4.500001e-02 -4.736842e-02 
4.500002e-02 1.000000e+00 4.500002e-02 -4.736842e-02 
4.500002e-02 1.000000e+00 4.500002e-02 -4.736842e-02 
4.500003e-02 1.000000e+00 4.500003e-02 -4.736842e-02 
4.500005e-02 1.000000e+00 4.500005e-02 -4.736842e-02 
4.500010e-02 1.000000e+00 4.500010e-02 -4.736840e-02 
4.500019e-02 1.000000e+00 4.500019e-02 -4.736801e-02 
4.500035e-02 1.000000e+00 4.500035e-02 -4.736091e-02 
4.500058e-02 1.000000e+00 4.500058e-02 -4.730588e-02 
4.500095e-02 1.000000e+00 4.500095e-02 -4.690595e-02 
4.500149e-02 1.000000e+00 4.500149e-02 -4.494128e-02 
4.500241e-02 1.000000e+00 4.500241e-02 -3.628355e-02 
4.500344e-02 1.000000e+00 4.500344e-02 -1.828350e-02 
4.500523e-02 1.000000e+00 4.500523e-02 2.625851e-02 
4.500738e-02 1.000000e+00 4.500738e-02 8.693989e-02 
4.501050e-02 1.000000e+00 4.501050e-02 1.677331e-01 
4.501549e-02 1.000000e+00 4.501549e-02 2.674144e-01 
4.502387e-02 1.000000e+00 4.502387e-02 3.703411e-01 
4.504022e-02 1.000000e+00 4.504022e-02 4.540303e-01 
4.505584e-02 1.000000e+00 4.505584e-02 4.727118e-01 
4.508061e-02 1.000000e+00 4.508061e-02 4.787815e-01 
4.511109e-02 1.000000e+00 4.511109e-02 4.789644e-01 
4.517205e-02 1.000000e+00 4.517205e-02 4.789384e-01 
4.525001e-02 1.000000e+00 4.525001e-02 4.789535e-01 
4.525001e-02 9.000000e-01 4.525001e-02 4.789535e-01 
4.525001e-02 7.000000e-01 4.525001e-02 4.789535e-01 
4.525002e-02 3.000000e-01 4.525002e-02 4.789535e-01 
4.525002e-02 0.000000e+00 4.525002e-02 4.789535e-01 
4.525002e-02 0.000000e+00 4.525002e-02 4.789535e-01 
4.525002e-02 0.000000e+00 4.525002e-02 4.789535e-01 
4.525003e-02 0.000000e+00 4.525003e-02 4.789535e-01 
4.525003e-02 0.000000e+00 4.525003e-02 4.789534e-01 
4.525004e-02 0.000000e+00 4.525004e-02 4.789534e-01 
4.525007e-02 0.000000e+00 4.525007e-02 4.789534e-01 
4.525012e-02 0.000000e+00 4.525012e-02 4.789532e-01 
4.525022e-02 0.000000e+00 4.525022e-02 4.789523e-01 
4.525043e-02 0.000000e+00 4.525043e-02 4.789357e-01 
4.525084e-02 0.000000e+00 4.525084e-02 4.786599e-01 
4.525150e-02 0.000000e+00 4.525150e-02 4.765088e-01 
4.525218e-02 0.000000e+00 4.525218e-02 4.708403e-01 
4.525311e-02 0.000000e+00 4.525311e-02 4.566373e-01 
4.525436e-02 0.000000e+00 4.525436e-02 4.283741e-01 
4.525624e-02 0.000000e+00 4.525624e-02 3.771576e-01 
4.525804e-02 0.000000e+00 4.525804e-02 3.266149e-01 
4.526023e-02 0.000000e+00 4.526023e-02 2.704747e-01 
4.526271e-02 0.000000e+00 4.526271e-02 2.158053e-01 
4.526641e-02 0.000000e+00 4.526641e-02 1.504830e-01 
4.527123e-02 0.000000e+00 4.527123e-02 8.876799e-02 
4.527858e-02 0.000000e+00 4.527858e-02 2.890982e-02 
4.528701e-02 0.000000e+00 4.528701e-02 -8.368266e-03 
4.529528e-02 0.000000e+00 4.529528e-02 -2.714139e-02 
4.530278e-02 0.000000e+00 4.530278e-02 -3.618160e-02 
4.531228e-02 0.000000e+00 4.531228e-02 -4.215567e-02 
4.532548e-02 0.000000e+00 4.532548e-02 -4.565941e-02 
4.534340e-02 0.000000e+00 4.534340e-02 -4.705178e-02 
4.536781e-02 0.000000e+00 4.536781e-02 -4.735794e-02 
4.540443e-02 0.000000e+00 4.540443e-02 -4.737018e-02 
4.546974e-02 0.000000e+00 4.546974e-02 -4.736766e-02 
4.556974e-02 0.000000e+00 4.556974e-02 -4.736886e-02 
4.566974e-02 0.000000e+00 4.566974e-02 -4.736816e-02 
4.576974e-02 0.000000e+00 4.576974e-02 -4.736857e-02 
4.586974e-02 0.000000e+00 4.586974e-02 -4.736833e-02 
4.596974e-02 0.000000e+00 4.596974e-02 -4.736847e-02 
4.606974e-02 0.000000e+00 4.606974e-02 -4.736839e-02 
4.616974e-02 0.000000e+00 4.616974e-02 -4.736844e-02 
4.626974e-02 0.000000e+00 4.626974e-02 -4.736841e-02 
4.636974e-02 0.000000e+00 4.636974e-02 -4.736843e-02 
4.646974e-02 0.000000e+00 4.646974e-02 -4.736842e-02 
4.656974e-02 0.000000e+00 4.656974e-02 -4.736842e-02 
4.666974e-02 0.000000e+00 4.666974e-02 -4.736842e-02 
4.676974e-02 0.000000e+00 4.676974e-02 -4.736842e-02 
4.686974e-02 0.000000e+00 4.686974e-02 -4.736842e-02 
4.696974e-02 0.000000e+00 4.696974e-02 -4.736842e-02 
4.706974e-02 0.000000e+00 4.706974e-02 -4.736842e-02 
4.716974e-02 0.000000e+00 4.716974e-02 -4.736842e-02 
4.726974e-02 0.000000e+00 4.726974e-02 -4.736842e-02 
4.736974e-02 0.000000e+00 4.736974e-02 -4.736842e-02 
4.746974e-02 0.000000e+00 4.746974e-02 -4.736842e-02 
4.756974e-02 0.000000e+00 4.756974e-02 -4.736842e-02 
4.766974e-02 0.000000e+00 4.766974e-02 -4.736842e-02 
4.776974e-02 0.000000e+00 4.776974e-02 -4.736842e-02 
4.786974e-02 0.000000e+00 4.786974e-02 -4.736842e-02 
4.796974e-02 0.000000e+00 4.796974e-02 -4.736842e-02 
4.806974e-02 0.000000e+00 4.806974e-02 -4.736842e-02 
4.816974e-02 0.000000e+00 4.816974e-02 -4.736842e-02 
4.826974e-02 0.000000e+00 4.826974e-02 -4.736842e-02 
4.836974e-02 0.000000e+00 4.836974e-02 -4.736842e-02 
4.846974e-02 0.000000e+00 4.846974e-02 -4.736842e-02 
4.856974e-02 0.000000e+00 4.856974e-02 -4.736842e-02 
4.866974e-02 0.000000e+00 4.866974e-02 -4.736842e-02 
4.876974e-02 0.000000e+00 4.876974e-02 -4.736842e-02 
4.886974e-02 0.000000e+00 4.886974e-02 -4.736842e-02 
4.896974e-02 0.000000e+00 4.896974e-02 -4.736842e-02 
4.906974e-02 0.000000e+00 4.906974e-02 -4.736842e-02 
4.916974e-02 0.000000e+00 4.916974e-02 -4.736842e-02 
4.926974e-02 0.000000e+00 4.926974e-02 -4.736842e-02 
4.936974e-02 0.000000e+00 4.936974e-02 -4.736842e-02 
4.946974e-02 0.000000e+00 4.946974e-02 -4.736842e-02 
4.956974e-02 0.000000e+00 4.956974e-02 -4.736842e-02 
4.966974e-02 0.000000e+00 4.966974e-02 -4.736842e-02 
4.976974e-02 0.000000e+00 4.976974e-02 -4.736842e-02 
4.986974e-02 0.000000e+00 4.986974e-02 -4.736842e-02 
4.996974e-02 0.000000e+00 4.996974e-02 -4.736842e-02 
5.000000e-02 0.000000e+00 5.000000e-02 -4.736842e-02 
